###################################################
# Fig. 3. Invariant pT-spectra in Cu+Au at 200 GeV#
###################################################
#
#### Insert (a): pi0 Invariant pT-Spectra in different centrality intervals of Cu+Au collisions at 200 GeV
#
#p_T (GeV/c)  Inv. Yield ((GeV/c)^{-2})  Stat. + Syst. A          Syst. B          Syst. C  
#Minimum Bias 
!1
        1.25               5.240061e-01     8.666846e-03     2.479332e-02     2.724832e-02  
        1.75               9.060204e-02     1.115351e-03     4.740191e-03     4.711306e-03  
        2.25               1.829509e-02     1.898835e-04     1.072518e-03     9.513445e-04  
        2.75               4.407103e-03     4.225537e-05     2.581354e-04     2.291694e-04  
        3.25               1.253962e-03     1.126056e-05     8.253629e-05     6.520605e-05  
        3.75               3.987261e-04     3.404332e-06     2.938484e-05     2.073376e-05  
        4.25               1.448726e-04     1.207851e-06     1.067845e-05     7.533376e-06  
        4.75               5.801032e-05     4.736954e-07     4.275222e-06     3.016537e-06  
        5.25               2.631398e-05     2.098626e-07     2.159163e-06     1.368327e-06  
        5.75               1.240795e-05     1.008402e-07     1.018136e-06     6.452136e-07  
        6.25               6.331709e-06     5.381894e-08     5.195637e-07     3.292489e-07  
        6.75               3.367263e-06     3.105426e-08     2.762834e-07     1.750977e-07  
        7.25               1.912208e-06     1.914488e-08     1.569121e-07     9.943481e-08  
        7.75               1.099707e-06     1.233181e-08     9.024425e-08     5.718477e-08  
        8.25               6.714349e-07     7.510051e-09     6.167950e-08     3.491461e-08  
        8.75               4.230109e-07     5.056911e-09     3.911104e-08     2.199657e-08  
        9.25               2.634574e-07     3.676483e-09     2.422498e-08     1.369978e-08  
        9.75               1.823898e-07     2.682878e-09     1.681249e-08     9.484268e-09  
          11               6.783677e-08     7.071644e-10     6.902185e-09     3.527512e-09  
          13               1.905459e-08     3.417906e-10     2.027787e-09     9.908388e-10  
          15               6.200235e-09     1.860336e-10     6.983485e-10     3.224122e-10  
          17               2.223254e-09     1.168828e-10     2.759450e-10     1.156092e-10  
          19               8.200898e-10     7.705774e-11     1.104382e-10     4.264467e-11  
#  0-10%
!2 
        1.25               1.557483e+00     4.765460e-02     7.773346e-02     8.098910e-02  
        1.75               2.721961e-01     6.336102e-03     1.487183e-02     1.415420e-02  
        2.25               5.213248e-02     1.057716e-03     3.143003e-03     2.710889e-03  
        2.75               1.219638e-02     2.300750e-04     7.341408e-04     6.342115e-04  
        3.25               3.374237e-03     6.043219e-05     2.269279e-04     1.754603e-04  
        3.75               1.033913e-03     1.796229e-05     7.746134e-05     5.376347e-05  
        4.25               3.622775e-04     6.190894e-06     2.716523e-05     1.883843e-05  
        4.75               1.429920e-04     2.400209e-06     1.071301e-05     7.435584e-06  
        5.25               6.665891e-05     1.095940e-06     5.545921e-06     3.466263e-06  
        5.75               3.182832e-05     5.278999e-07     2.650707e-06     1.655072e-06  
        6.25               1.585190e-05     2.774135e-07     1.318297e-06     8.242990e-07  
        6.75               8.471025e-06     1.588239e-07     7.049531e-07     4.404933e-07  
        7.25               4.869476e-06     9.717139e-08     4.059667e-07     2.532127e-07  
        7.75               2.785506e-06     6.117609e-08     2.320957e-07     1.448463e-07  
        8.25               1.753189e-06     3.849737e-08     1.631681e-07     9.116584e-08  
        8.75               1.052392e-06     2.505663e-08     9.849127e-08     5.472440e-08  
        9.25               6.653809e-07     1.801907e-08     6.195874e-08     3.459981e-08  
        9.75               4.679307e-07     1.335881e-08     4.376681e-08     2.433239e-08  
          11               1.759354e-07     3.561123e-09     1.806461e-08     9.148642e-09  
          13               4.940098e-08     1.657211e-09     5.299652e-09     2.568851e-09  
          15               1.674712e-08     8.560603e-10     1.965008e-09     8.708502e-10  
          17               5.993793e-09     5.487943e-10     7.854468e-10     3.116772e-10  
          19               2.406734e-09     3.800234e-10     3.474173e-10     1.251502e-10  
#10-20% 
! 3
        1.25               1.167344e+00     3.408405e-02     5.615334e-02     6.070189e-02  
        1.75               1.961765e-01     4.268852e-03     1.030669e-02     1.020118e-02  
        2.25               4.038805e-02     7.455935e-04     2.382856e-03     2.100178e-03  
        2.75               9.682164e-03     1.717299e-04     5.678442e-04     5.034725e-04  
        3.25               2.631022e-03     4.410994e-05     1.736093e-04     1.368131e-04  
        3.75               8.456334e-04     1.366566e-05     6.242649e-05     4.397293e-05  
        4.25               3.064322e-04     4.848136e-06     2.263319e-05     1.593448e-05  
        4.75               1.205177e-04     1.919082e-06     8.891587e-06     6.266922e-06  
        5.25               5.350559e-05     8.365743e-07     4.395543e-06     2.782291e-06  
        5.75               2.521340e-05     4.007794e-07     2.070265e-06     1.311097e-06  
        6.25               1.315626e-05     2.226754e-07     1.081667e-06     6.841257e-07  
        6.75               6.927400e-06     1.259925e-07     5.697989e-07     3.602248e-07  
        7.25               3.896696e-06     7.823037e-08     3.200847e-07     2.026282e-07  
        7.75               2.228511e-06     5.008052e-08     1.834405e-07     1.158826e-07  
        8.25               1.409517e-06     2.990879e-08     1.298880e-07     7.329486e-08  
        8.75               8.957651e-07     2.044848e-08     8.310372e-08     4.657978e-08  
        9.25               5.631575e-07     1.456959e-08     5.202194e-08     2.928419e-08  
        9.75               3.750898e-07     1.061752e-08     3.475912e-08     1.950467e-08  
          11               1.404935e-07     3.024025e-09     1.430679e-08     7.305664e-09  
          13               4.202379e-08     1.403579e-09     4.506143e-09     2.185237e-09  
          15               1.179917e-08     7.279520e-10     1.365841e-09     6.135570e-10  
          17               4.713260e-09     4.805247e-10     6.037035e-10     2.450895e-10  
          19               1.679296e-09     3.109121e-10     2.308146e-10     8.732337e-11  
#  0-20%
! 4 
        1.25               1.362523e+00     3.106076e-02     6.718303e-02     7.085120e-02  
        1.75               2.348512e-01     4.018315e-03     1.269510e-02     1.221226e-02  
        2.25               4.648328e-02     6.789077e-04     2.795525e-03     2.417131e-03  
        2.75               1.094643e-02     1.501402e-04     6.569241e-04     5.692145e-04  
        3.25               3.009312e-03     3.908462e-05     2.020219e-04     1.564842e-04  
        3.75               9.414698e-04     1.177486e-05     7.047012e-05     4.895643e-05  
        4.25               3.353802e-04     4.120519e-06     2.511547e-05     1.743977e-05  
        4.75               1.318853e-04     1.607160e-06     9.870169e-06     6.858036e-06  
        5.25               6.021373e-05     7.186259e-07     5.003949e-06     3.131114e-06  
        5.75               2.859512e-05     3.457645e-07     2.376628e-06     1.486946e-06  
        6.25               1.453482e-05     1.861309e-07     1.207898e-06     7.558107e-07  
        6.75               7.722076e-06     1.062964e-07     6.419170e-07     4.015480e-07  
        7.25               4.392098e-06     6.553616e-08     3.651068e-07     2.283891e-07  
        7.75               2.506957e-06     4.171054e-08     2.084631e-07     1.303618e-07  
        8.25               1.585366e-06     2.579190e-08     1.472800e-07     8.243905e-08  
        8.75               9.761759e-07     1.710837e-08     9.119631e-08     5.076115e-08  
        9.25               6.139510e-07     1.235578e-08     5.705014e-08     3.192545e-08  
        9.75               4.206615e-07     9.133343e-09     3.922461e-08     2.187440e-08  
          11               1.576396e-07     2.459580e-09     1.617083e-08     8.197258e-09  
          13               4.577757e-08     1.152040e-09     4.902501e-09     2.380433e-09  
          15               1.471963e-08     5.920663e-10     1.703902e-09     7.654206e-10  
          17               5.440919e-09     3.823692e-10     6.951975e-10     2.829278e-10  
          19               2.015804e-09     2.540346e-10     2.784666e-10     1.048218e-10  
#20-40%
! 5 
        1.25               6.884779e-01     1.376498e-02     3.271845e-02     3.580085e-02  
        1.75               1.182099e-01     1.775063e-03     6.187518e-03     6.146913e-03  
        2.25               2.422616e-02     3.096778e-04     1.420833e-03     1.259760e-03  
        2.75               5.866376e-03     7.059777e-05     3.437650e-04     3.050516e-04  
        3.25               1.750756e-03     2.001013e-05     1.152738e-04     9.103930e-05  
        3.75               5.512235e-04     6.016941e-06     4.063792e-05     2.866362e-05  
        4.25               2.038079e-04     2.231035e-06     1.502654e-05     1.059801e-05  
        4.75               8.387110e-05     9.186183e-07     6.186786e-06     4.361297e-06  
        5.25               3.680378e-05     3.985613e-07     3.020991e-06     1.913796e-06  
        5.75               1.744034e-05     1.986353e-07     1.431761e-06     9.068977e-07  
        6.25               8.754404e-06     1.073308e-07     7.187944e-07     4.552290e-07  
        6.75               4.738443e-06     6.542785e-08     3.888833e-07     2.463990e-07  
        7.25               2.668719e-06     4.148933e-08     2.191899e-07     1.387734e-07  
        7.75               1.583709e-06     2.796089e-08     1.301695e-07     8.235289e-08  
        8.25               9.116093e-07     1.568095e-08     8.378098e-08     4.740368e-08  
        8.75               6.007318e-07     1.122758e-08     5.563859e-08     3.123805e-08  
        9.25               3.734201e-07     8.202839e-09     3.441718e-08     1.941785e-08  
        9.75               2.586066e-07     6.071012e-09     2.390687e-08     1.344754e-08  
          11               9.754758e-08     1.677013e-09     9.933448e-09     5.072474e-09  
          13               2.637531e-08     7.770073e-10     2.819533e-09     1.371516e-09  
          15               8.375190e-09     4.345428e-10     9.613594e-10     4.355099e-10  
          17               2.914523e-09     2.580578e-10     3.740818e-10     1.515552e-10  
          19               1.273063e-09     1.888599e-10     1.785142e-10     6.619926e-11  
#40-60%
! 6 
        1.25               2.726216e-01     4.979389e-03     1.226798e-02     1.417632e-02  
        1.75               4.892485e-02     6.648663e-04     2.456736e-03     2.544092e-03  
        2.25               1.037562e-02     1.210217e-04     5.888085e-04     5.395323e-04  
        2.75               2.625704e-03     2.807488e-05     1.489825e-04     1.365366e-04  
        3.25               7.786919e-04     7.968133e-06     4.996171e-05     4.049198e-05  
        3.75               2.603169e-04     2.569164e-06     1.880824e-05     1.353648e-05  
        4.25               9.670920e-05     9.530124e-07     6.987783e-06     5.028878e-06  
        4.75               3.891841e-05     3.969068e-07     2.812481e-06     2.023757e-06  
        5.25               1.794903e-05     1.886512e-07     1.449671e-06     9.333496e-07  
        5.75               8.298796e-06     9.620972e-08     6.701055e-07     4.315374e-07  
        6.25               4.314204e-06     5.608458e-08     3.485897e-07     2.243386e-07  
        6.75               2.253481e-06     3.485761e-08     1.819771e-07     1.171810e-07  
        7.25               1.283944e-06     2.285580e-08     1.038077e-07     6.676509e-08  
        7.75               7.558810e-07     1.601790e-08     6.117237e-08     3.930581e-08  
        8.25               4.275904e-07     8.658029e-09     3.882153e-08     2.223470e-08  
        8.75               2.792686e-07     6.334849e-09     2.559962e-08     1.452197e-08  
        9.25               1.752495e-07     4.680775e-09     1.598106e-08     9.112975e-09  
        9.75               1.184188e-07     3.457855e-09     1.083887e-08     6.157776e-09  
          11               4.299522e-08     9.666877e-10     4.343484e-09     2.235752e-09  
          13               1.167760e-08     4.901328e-10     1.247785e-09     6.072350e-10  
          15               3.625281e-09     3.094412e-10     4.243669e-10     1.885146e-10  
          17               1.299063e-09     1.766136e-10     1.722721e-10     6.755126e-11  
#60-90%
! 7 To be marked as supplemental
        1.25               7.055408e-02     1.139415e-03     3.336766e-03     3.668812e-03  
        1.75               1.181323e-02     1.401658e-04     6.179036e-04     6.142882e-04  
        2.25               2.566871e-03     2.630976e-05     1.504850e-04     1.334773e-04  
        2.75               6.588580e-04     6.212153e-06     3.862327e-05     3.426062e-05  
        3.25               1.973372e-04     1.782593e-06     1.299101e-05     1.026153e-05  
        3.75               6.470187e-05     5.856923e-07     4.768569e-06     3.364497e-06  
        4.25               2.510048e-05     2.351301e-07     1.850691e-06     1.305225e-06  
        4.75               1.030782e-05     1.053838e-07     7.602002e-07     5.360068e-07  
        5.25               4.545385e-06     5.482088e-08     3.731229e-07     2.363600e-07  
        5.75               2.085459e-06     3.075179e-08     1.712294e-07     1.084439e-07  
        6.25               1.110295e-06     1.969754e-08     9.127278e-08     5.773534e-08  
        6.75               5.652863e-07     1.329296e-08     4.646555e-08     2.939489e-08  
        7.25               3.479530e-07     8.996127e-09     2.867793e-08     1.809356e-08  
        7.75               1.862015e-07     6.230683e-09     1.540024e-08     9.682480e-09  
        8.25               1.132954e-07     3.356930e-09     1.045292e-08     5.891363e-09  
        8.75               6.784968e-08     2.361357e-09     6.319712e-09     3.528183e-09  
        9.25               4.253343e-08     1.826780e-09     3.959405e-09     2.211738e-09  
        9.75               2.938546e-08     1.364985e-09     2.755610e-09     1.528044e-09  
          11               1.054281e-08     3.858993e-10     1.081663e-09     5.482259e-10  
          13               2.646540e-09     1.788845e-10     2.929978e-10     1.376201e-10  
          15               7.392232e-10     1.068938e-10     9.519369e-11     3.843961e-11  
#
#### Insert (b): pi0 Ratio PbSc(PbGl) / Combined in  0-20% Cu+Au collisions at 200 GeV
#
#p_T (GeV/c)        PbSc(PbGl)/Combined  Stat. + Syst. A            Syst.  
# PbSc / Combined
! 8 
        1.25               9.973621e-01     2.196747e-02     7.209349e-02  
        1.75               9.613617e-01     1.545629e-02     6.949123e-02  
        2.25               9.506147e-01     1.299383e-02     6.871438e-02  
        2.75               9.884444e-01     1.260845e-02     7.144887e-02  
        3.25               9.653267e-01     1.131864e-02     6.977783e-02  
        3.75               9.749152e-01     1.118302e-02     7.047093e-02  
        4.25               9.554487e-01     1.080642e-02     6.906381e-02  
        4.75               9.807014e-01     1.084611e-02     7.088918e-02  
        5.25               9.589947e-01     1.042890e-02     6.932013e-02  
        5.75               9.544785e-01     1.067427e-02     6.899368e-02  
        6.25               9.642267e-01     1.144381e-02     6.969832e-02  
        6.75               9.594298e-01     1.239505e-02     6.935158e-02  
        7.25               9.675233e-01     1.371561e-02     6.993661e-02  
        7.75               9.701998e-01     1.556476e-02     7.013008e-02  
        8.25               9.622358e-01     1.373131e-02     7.216769e-02  
        8.75               9.689585e-01     1.524970e-02     7.521140e-02  
        9.25               9.970584e-01     1.762773e-02     7.626031e-02  
        9.75               9.910544e-01     1.918569e-02     7.498687e-02  
          11               1.008812e+00     1.328844e-02     7.959390e-02  
          13               9.837898e-01     2.178859e-02     9.947958e-02  
          15               8.693532e-01     3.765419e-02     1.242445e-01  
          17               9.744161e-01     7.673391e-02     1.844325e-01  
          19               1.300336e+00     1.882394e-01     2.968785e-01  
# PbGl / Combined 
! 9
        1.25               1.002150e+00     3.730503e-02     5.691121e-02  
        1.75               1.032487e+00     2.868998e-02     5.863397e-02  
        2.25               1.041401e+00     2.454043e-02     5.914018e-02  
        2.75               1.008230e+00     2.170021e-02     5.725648e-02  
        3.25               1.026732e+00     2.128167e-02     5.830720e-02  
        3.75               1.018472e+00     2.009477e-02     5.783808e-02  
        4.25               1.035263e+00     2.028075e-02     5.879161e-02  
        4.75               1.013857e+00     1.943342e-02     5.757598e-02  
        5.25               1.031858e+00     1.959798e-02     5.859827e-02  
        5.75               1.036048e+00     1.995017e-02     5.883621e-02  
        6.25               1.027544e+00     2.088313e-02     5.835329e-02  
        6.75               1.032291e+00     2.266769e-02     5.862288e-02  
        7.25               1.025478e+00     2.435634e-02     5.823595e-02  
        7.75               1.023799e+00     2.722167e-02     5.814063e-02  
        8.25               1.032471e+00     2.785863e-02     6.216300e-02  
        8.75               1.025131e+00     2.921311e-02     6.256661e-02  
        9.25               1.002227e+00     3.274619e-02     5.971457e-02  
        9.75               1.007672e+00     3.682418e-02     6.150104e-02  
          11               9.938903e-01     2.476222e-02     6.246504e-02  
          13               1.010188e+00     3.862686e-02     7.089331e-02  
          15               1.090950e+00     6.298733e-02     8.812415e-02  
          17               1.012596e+00     9.783546e-02     1.003696e-01  
          19               9.165681e-01     1.523026e-01     1.055049e-01  
#
#### Insert (c): pi0 Ratio PbSc(PbGl) / Combined in 20-40% Cu+Au collisions at 200 GeV
#
#p_T (GeV/c)        PbSc(PbGl)/Combined  Stat. + Syst. A            Syst.  
#PbSc / Combined 
! 10
        1.25               9.880399e-01     1.941741e-02     6.423020e-02  
        1.75               9.905643e-01     1.411903e-02     6.439430e-02  
        2.25               9.734183e-01     1.184669e-02     6.327968e-02  
        2.75               9.930344e-01     1.106629e-02     6.455487e-02  
        3.25               9.822050e-01     1.038969e-02     6.385088e-02  
        3.75               9.790435e-01     9.920790e-03     6.364536e-02  
        4.25               9.759054e-01     9.832244e-03     6.344136e-02  
        4.75               9.577538e-01     9.608947e-03     6.226136e-02  
        5.25               9.676900e-01     9.764777e-03     6.290729e-02  
        5.75               9.645898e-01     1.037318e-02     6.270576e-02  
        6.25               9.636080e-01     1.135371e-02     6.264193e-02  
        6.75               9.962444e-01     1.322847e-02     6.476355e-02  
        7.25               9.751164e-01     1.486573e-02     6.339007e-02  
        7.75               9.695516e-01     1.715229e-02     6.302831e-02  
        8.25               9.999184e-01     1.575287e-02     6.800916e-02  
        8.75               9.617657e-01     1.702631e-02     6.818370e-02  
        9.25               9.869615e-01     2.015240e-02     6.874100e-02  
        9.75               9.737977e-01     2.239408e-02     6.694461e-02  
          11               9.805039e-01     1.568777e-02     7.088168e-02  
          13               9.458614e-01     2.807775e-02     9.085194e-02  
          15               8.825365e-01     5.144905e-02     1.207689e-01  
          17               9.271006e-01     1.004442e-01     1.707628e-01  
          19               1.091932e+00     2.019839e-01     2.442269e-01  
#PbGl / Combined 
! 11
        1.25               1.012033e+00     3.502974e-02     5.747245e-02  
        1.75               1.008545e+00     2.559921e-02     5.727434e-02  
        2.25               1.024862e+00     2.211857e-02     5.820100e-02  
        2.75               1.005964e+00     2.022881e-02     5.712776e-02  
        3.25               1.015764e+00     1.949072e-02     5.768433e-02  
        3.75               1.018659e+00     1.864821e-02     5.784870e-02  
        4.25               1.021759e+00     1.884552e-02     5.802478e-02  
        4.75               1.041274e+00     1.951250e-02     5.913298e-02  
        5.25               1.030113e+00     1.883925e-02     5.849916e-02  
        5.75               1.033682e+00     1.991232e-02     5.870183e-02  
        6.25               1.035168e+00     2.146673e-02     5.878626e-02  
        6.75               1.003247e+00     2.306699e-02     5.697350e-02  
        7.25               1.024141e+00     2.702109e-02     5.816001e-02  
        7.75               1.031434e+00     3.120860e-02     5.857421e-02  
        8.25               1.000075e+00     2.973907e-02     6.021252e-02  
        8.75               1.040072e+00     3.386401e-02     6.347848e-02  
        9.25               1.013157e+00     3.916950e-02     6.036582e-02  
        9.75               1.030917e+00     4.382631e-02     6.291970e-02  
          11               1.018489e+00     3.000999e-02     6.401103e-02  
          13               1.046864e+00     4.929456e-02     7.346717e-02  
          15               1.096411e+00     8.450670e-02     8.367995e-02  
          17               1.051311e+00     1.332721e-01     9.931969e-02  
          19               9.538496e-01     1.984164e-01     1.051400e-01  
#
#### Insert (d): pi0 Ratio PbSc(PbGl) / Combined in 40-60% Cu+Au collisions at 200 GeV
#
#p_T (GeV/c)        PbSc(PbGl)/Combined  Stat. + Syst. A            Syst.  
#PbSc / Combined 
! 12
        1.25               1.011003e+00     1.853241e-02     5.741395e-02  
        1.75               9.867583e-01     1.329050e-02     5.603710e-02  
        2.25               9.778453e-01     1.121714e-02     5.553094e-02  
        2.75               9.754309e-01     1.028255e-02     5.539382e-02  
        3.25               9.854504e-01     9.853201e-03     5.596282e-02  
        3.75               9.681923e-01     9.339198e-03     5.498276e-02  
        4.25               9.662996e-01     9.257228e-03     5.487527e-02  
        4.75               9.640173e-01     9.474340e-03     5.474566e-02  
        5.25               9.619909e-01     1.001696e-02     5.463058e-02  
        5.75               9.767752e-01     1.140346e-02     5.547017e-02  
        6.25               9.595335e-01     1.289338e-02     5.449103e-02  
        6.75               9.958054e-01     1.594116e-02     5.655087e-02  
        7.25               9.700856e-01     1.846532e-02     5.509027e-02  
        7.75               9.709157e-01     2.234158e-02     5.513741e-02  
        8.25               9.882933e-01     2.002087e-02     5.950314e-02  
        8.75               9.594925e-01     2.234279e-02     6.087297e-02  
        9.25               9.903241e-01     2.726871e-02     6.144799e-02  
        9.75               9.467249e-01     3.087081e-02     5.778125e-02  
          11               9.543568e-01     2.259100e-02     6.203319e-02  
          13               9.933464e-01     4.243167e-02     9.008835e-02  
          15               1.145371e+00     8.853287e-02     1.524893e-01  
          17               1.032214e+00     1.680547e-01     1.872977e-01  
#PbGl / Combined 
! 13
        1.25               9.871811e-01     3.312916e-02     5.606111e-02  
        1.75               1.015832e+00     2.525430e-02     5.768819e-02  
        2.25               1.026783e+00     2.190749e-02     5.831006e-02  
        2.75               1.029572e+00     2.004964e-02     5.846845e-02  
        3.25               1.016613e+00     1.880852e-02     5.773251e-02  
        3.75               1.039230e+00     1.879273e-02     5.901695e-02  
        4.25               1.041984e+00     1.888871e-02     5.917334e-02  
        4.75               1.045661e+00     1.977158e-02     5.938215e-02  
        5.25               1.048765e+00     2.026322e-02     5.955841e-02  
        5.75               1.028055e+00     2.157504e-02     5.838231e-02  
        6.25               1.054378e+00     2.506358e-02     5.987718e-02  
        6.75               1.004903e+00     2.789840e-02     5.706752e-02  
        7.25               1.041094e+00     3.379433e-02     5.912278e-02  
        7.75               1.042361e+00     4.063140e-02     5.919473e-02  
        8.25               1.015622e+00     3.899445e-02     6.114854e-02  
        8.75               1.060431e+00     4.565059e-02     6.472105e-02  
        9.25               1.013457e+00     5.137360e-02     6.038366e-02  
        9.75               1.103189e+00     6.147517e-02     6.733072e-02  
          11               1.068202e+00     4.478184e-02     6.713543e-02  
          13               1.006987e+00     7.361039e-02     7.066865e-02  
          15               8.970724e-01     1.316279e-01     6.846608e-02  
          17               9.745141e-01     2.040155e-01     9.206451e-02  
#
#### Insert (e): eta Invariant pT-Spectra in different centrality intervals of Cu+Au collisions at 200 GeV
#
#p_T (GeV/c)  Inv. Yield ((GeV/c)^{-2})  Stat. + Syst. A          Syst. B          Syst. C  
#Minimum Bias
! 14
        2.25               6.919961e-03     1.962924e-04     6.115940e-04     3.598380e-04  
        2.75               2.111295e-03     5.203320e-05     1.784947e-04     1.097873e-04  
        3.25               5.796372e-04     2.275286e-05     5.027292e-05     3.014114e-05  
        3.75               1.846122e-04     6.896658e-06     1.661722e-05     9.599833e-06  
        4.25               7.037661e-05     2.263836e-06     6.158642e-06     3.659584e-06  
        4.75               2.981899e-05     9.333618e-07     2.564715e-06     1.550588e-06  
         5.5               8.799540e-06     2.329912e-07     8.000568e-07     4.575761e-07  
         6.5               2.385283e-06     7.114348e-08     2.131764e-07     1.240347e-07  
         7.5               7.566857e-07     3.017408e-08     6.704969e-08     3.934766e-08  
         8.5               2.679823e-07     8.703557e-09     2.629638e-08     1.393508e-08  
         9.5               1.146889e-07     4.756670e-09     1.123997e-08     5.963825e-09  
          11               3.550341e-08     1.500935e-09     3.802389e-09     1.846177e-09  
          13               1.003373e-08     4.820636e-10     1.090042e-09     5.217539e-10  
          15               3.166360e-09     2.329747e-10     3.551642e-10     1.646507e-10  
          17               1.143193e-09     1.175228e-10     1.335849e-10     5.944602e-11  
          19               4.360087e-10     6.364863e-11     5.394524e-11     2.267245e-11  
# 0-20%
! 15
        2.25               1.850328e-02     8.449337e-04     1.696192e-03     9.621706e-04  
        2.75               5.393415e-03     2.174113e-04     4.782823e-04     2.804576e-04  
        3.25               1.508692e-03     9.679173e-05     1.398560e-04     7.845200e-05  
        3.75               4.244937e-04     2.739436e-05     4.044100e-05     2.207367e-05  
        4.25               1.621040e-04     8.345335e-06     1.477070e-05     8.429407e-06  
        4.75               6.844912e-05     3.772963e-06     6.185979e-06     3.559354e-06  
         5.5               2.127949e-05     1.007594e-06     2.029359e-06     1.106534e-06  
         6.5               5.721429e-06     2.977469e-07     5.333824e-07     2.975143e-07  
         7.5               1.888944e-06     1.148759e-07     1.763208e-07     9.822510e-08  
         8.5               6.385683e-07     3.312103e-08     6.534891e-08     3.320555e-08  
         9.5               2.892631e-07     1.797631e-08     2.958138e-08     1.504168e-08  
          11               8.632289e-08     5.364311e-09     9.576616e-09     4.488790e-09  
          13               2.441511e-08     1.696557e-09     2.754084e-09     1.269586e-09  
          15               7.209421e-09     8.141661e-10     8.454208e-10     3.748899e-10  
          17               2.964832e-09     4.028126e-10     3.646464e-10     1.541713e-10  
#20-40%
! 16
        2.25               8.795530e-03     3.536829e-04     7.804854e-04     4.573676e-04  
        2.75               2.825131e-03     1.033005e-04     2.393992e-04     1.469068e-04  
        3.25               7.342806e-04     4.326019e-05     6.370916e-05     3.818259e-05  
        3.75               2.671183e-04     1.446867e-05     2.415486e-05     1.389015e-05  
        4.25               1.074500e-04     4.918617e-06     9.471679e-06     5.587400e-06  
        4.75               4.365508e-05     2.013584e-06     3.812073e-06     2.270064e-06  
         5.5               1.243697e-05     4.907218e-07     1.133772e-06     6.467222e-07  
         6.5               3.176703e-06     1.450566e-07     2.867338e-07     1.651886e-07  
         7.5               9.755825e-07     6.427863e-08     8.788067e-08     5.073029e-08  
         8.5               3.693194e-07     1.952021e-08     3.663530e-08     1.920461e-08  
         9.5               1.615729e-07     1.066919e-08     1.602817e-08     8.401790e-09  
          11               5.104857e-08     3.611699e-09     5.616558e-09     2.654526e-09  
          13               1.379510e-08     1.169498e-09     1.509286e-09     7.173451e-10  
          15               5.711482e-09     5.864908e-10     6.423276e-10     2.969971e-10  
          17               1.771094e-09     3.100424e-10     2.098052e-10     9.209690e-11  
#40-60%
! 17
        2.25               3.708774e-03     1.502851e-04     3.279558e-04     1.928563e-04  
        2.75               1.197371e-03     4.359442e-05     1.011880e-04     6.226331e-05  
        3.25               3.234271e-04     1.754605e-05     2.816951e-05     1.681821e-05  
        3.75               1.284585e-04     6.182891e-06     1.174759e-05     6.679841e-06  
        4.25               4.324799e-05     2.068385e-06     3.812649e-06     2.248895e-06  
        4.75               1.917276e-05     8.830146e-07     1.667019e-06     9.969835e-07  
         5.5               6.204634e-06     2.376254e-07     5.683435e-07     3.226410e-07  
         6.5               1.547859e-06     7.921814e-08     1.411874e-07     8.048865e-08  
         7.5               5.471528e-07     3.871477e-08     4.929873e-08     2.845195e-08  
         8.5               1.761970e-07     1.121335e-08     1.762426e-08     9.162245e-09  
         9.5               7.002695e-08     6.257662e-09     7.066508e-09     3.641401e-09  
          11               2.210868e-08     2.219348e-09     2.424808e-09     1.149652e-09  
          13               6.416412e-09     7.864558e-10     7.089399e-10     3.336534e-10  
          15               1.958001e-09     3.757578e-10     2.240749e-10     1.018160e-10  
#60-90%
! 18 To be marked as supplemental
        2.25               8.888403e-04     3.383218e-05     7.906098e-05     4.621969e-05  
        2.75               2.896096e-04     9.899242e-06     2.453986e-05     1.505970e-05  
        3.25               8.833565e-05     4.578713e-06     7.715490e-06     4.593454e-06  
        3.75               2.883836e-05     1.501609e-06     2.626951e-06     1.499595e-06  
        4.25               1.300711e-05     5.785331e-07     1.156118e-06     6.763699e-07  
        4.75               4.865888e-06     2.669092e-07     4.212514e-07     2.530262e-07  
         5.5               1.646786e-06     7.856978e-08     1.512649e-07     8.563288e-08  
         6.5               4.029018e-07     2.394149e-08     3.676641e-08     2.095089e-08  
         7.5               1.088532e-07     1.090633e-08     1.012897e-08     5.660365e-09  
         8.5               4.387270e-08     3.571204e-09     4.409581e-09     2.281380e-09  
         9.5               1.616610e-08     1.959326e-09     1.638482e-09     8.406373e-10  
          11               5.447268e-09     6.509993e-10     5.915053e-10     2.832579e-10  
#
#### Insert (f): eta Ratio PbSc(PbGl) / Combined in  0-20% Cu+Au collisions at 200 GeV
#
#p_T (GeV/c)        PbSc(PbGl)/Combined  Stat. + Syst. A            Syst.  
#PbSc / Combined
! 19 
        2.25               1.066976e+00     4.710502e-02     1.298989e-01  
        2.75               9.463448e-01     4.126564e-02     1.096368e-01  
        3.25               9.475665e-01     6.868172e-02     1.048108e-01  
        3.75               1.017506e+00     6.838513e-02     1.079947e-01  
        4.25               1.028056e+00     5.762327e-02     1.051197e-01  
        4.75               9.727084e-01     6.043249e-02     9.634769e-02  
         5.5               9.860885e-01     4.749368e-02     9.391523e-02  
         6.5               1.015166e+00     5.678001e-02     9.328821e-02  
         7.5               1.054555e+00     6.576711e-02     9.523211e-02  
         8.5               9.422698e-01     5.482055e-02     8.719688e-02  
         9.5               9.901182e-01     6.800458e-02     9.116559e-02  
          11               9.218685e-01     6.842908e-02     8.557115e-02  
          13               8.834588e-01     7.706427e-02     8.471029e-02  
          15               9.867972e-01     1.274108e-01     9.976983e-02  
          17               9.703229e-01     1.503441e-01     1.055319e-01  
#PbGl / Combined 
! 20
        2.25               9.416583e-01     7.494346e-02     1.049508e-01  
        2.75               1.072552e+00     7.666101e-02     1.126020e-01  
        3.25               1.097450e+00     1.316774e-01     1.088341e-01  
        3.75               9.748054e-01     1.228504e-01     9.178200e-02  
        4.25               9.706033e-01     8.642094e-02     8.711266e-02  
        4.75               1.038949e+00     1.022754e-01     8.944069e-02  
         5.5               1.019304e+00     9.185964e-02     8.325093e-02  
         6.5               9.818395e-01     9.194960e-02     7.633516e-02  
         7.5               9.303442e-01     1.100951e-01     7.057806e-02  
         8.5               1.101528e+00     1.057277e-01     8.647871e-02  
         9.5               1.015604e+00     1.189841e-01     7.917731e-02  
          11               1.160190e+00     1.274599e-01     9.147288e-02  
          13               1.300854e+00     1.495302e-01     1.072231e-01  
          15               1.031222e+00     2.315380e-01     9.120433e-02  
          17               1.091624e+00     3.048502e-01     1.059981e-01  
#
#### Insert (g): eta Ratio PbSc(PbGl) / Combined in 20-40% Cu+Au collisions at 200 GeV
#
#p_T (GeV/c)        PbSc(PbGl)/Combined  Stat. + Syst. A            Syst.  
#PbSc / Combined 
! 21
        2.25               1.032149e+00     3.953328e-02     1.150363e-01  
        2.75               1.004593e+00     3.701128e-02     1.054674e-01  
        3.25               1.082499e+00     6.690116e-02     1.073514e-01  
        3.75               1.061274e+00     5.931812e-02     9.992338e-02  
        4.25               1.016156e+00     4.897942e-02     9.120106e-02  
        4.75               9.473880e-01     4.857443e-02     8.155845e-02  
         5.5               1.026538e+00     4.287612e-02     8.384174e-02  
         6.5               9.374048e-01     5.042842e-02     7.288050e-02  
         7.5               1.058610e+00     7.395413e-02     8.030861e-02  
         8.5               9.848232e-01     5.637666e-02     7.731646e-02  
         9.5               9.970295e-01     7.325202e-02     7.772924e-02  
          11               9.820954e-01     7.428173e-02     7.743135e-02  
          13               9.108497e-01     9.503776e-02     7.507690e-02  
          15               9.419215e-01     1.154027e-01     8.330634e-02  
          17               9.688531e-01     1.952873e-01     9.407684e-02  
#PbGl / Combined 
! 22
        2.25               9.632598e-01     7.337175e-02     1.073584e-01  
        2.75               9.943015e-01     6.785364e-02     1.043869e-01  
        3.25               9.065261e-01     1.002325e-01     8.990019e-02  
        3.75               9.231950e-01     9.680113e-02     8.692267e-02  
        4.25               9.772560e-01     8.598631e-02     8.770975e-02  
        4.75               1.113243e+00     1.010512e-01     9.583650e-02  
         5.5               9.662051e-01     7.117181e-02     7.891412e-02  
         6.5               1.132323e+00     9.409622e-02     8.803484e-02  
         7.5               8.985045e-01     1.264655e-01     6.816262e-02  
         8.5               1.032371e+00     1.138441e-01     8.104935e-02  
         9.5               1.006426e+00     1.360880e-01     7.846177e-02  
          11               1.064468e+00     1.855054e-01     8.392590e-02  
          13               1.272929e+00     1.841168e-01     1.049213e-01  
          15               1.169693e+00     2.201965e-01     1.034511e-01  
          17               1.109445e+00     3.917923e-01     1.077285e-01  
#
#### Insert (h): eta Ratio PbSc(PbGl) / Combined in 40-60% Cu+Au collisions at 200 GeV
#
#p_T (GeV/c)        PbSc(PbGl)/Combined  Stat. + Syst. A            Syst.  
#PbSc / Combined 
! 23
        2.25               1.093830e+00     4.152747e-02     1.219108e-01  
        2.75               1.049715e+00     3.564215e-02     1.102045e-01  
        3.25               1.061490e+00     5.745748e-02     1.052680e-01  
        3.75               9.725233e-01     4.931238e-02     9.156713e-02  
        4.25               1.045927e+00     5.049494e-02     9.387308e-02  
        4.75               9.933138e-01     4.754549e-02     8.551209e-02  
         5.5               9.747529e-01     4.014214e-02     7.961225e-02  
         6.5               9.330085e-01     5.484186e-02     7.253869e-02  
         7.5               1.048557e+00     8.065716e-02     7.954593e-02  
         8.5               9.179703e-01     6.898644e-02     7.206798e-02  
         9.5               1.018020e+00     9.864186e-02     7.936568e-02  
          11               1.020516e+00     1.113936e-01     8.046057e-02  
          13               9.517525e-01     1.372310e-01     7.844831e-02  
          15               9.882582e-01     2.156484e-01     8.740449e-02  
#PbGl / Combined 
! 24
        2.25               9.154626e-01     6.733310e-02     1.020312e-01  
        2.75               9.478623e-01     6.454958e-02     9.951151e-02  
        3.25               9.222967e-01     9.904153e-02     9.146417e-02  
        3.75               1.052063e+00     1.033570e-01     9.905617e-02  
        4.25               9.394927e-01     8.865011e-02     8.432045e-02  
        4.75               1.011643e+00     9.531954e-02     8.709005e-02  
         5.5               1.041827e+00     7.700428e-02     8.509050e-02  
         6.5               1.181425e+00     1.181455e-01     9.185233e-02  
         7.5               9.133430e-01     1.345432e-01     6.928831e-02  
         8.5               1.273316e+00     1.522142e-01     9.996543e-02  
         9.5               9.502271e-01     1.969416e-01     7.408049e-02  
          11               9.410765e-01     2.207397e-01     7.419731e-02  
          13               1.157633e+00     2.693150e-01     9.541803e-02  
          15               1.039869e+00     4.187906e-01     9.196912e-02  
#
########################################################
# Fig. 4. eta/pi0 Ratio in Cu+Au collisions at 200 GeV #
########################################################
#
#p_T (GeV/c)          eta/pi0  Stat. + Syst. A          Syst. B  
#Minimum Bias
! 25
        2.25     3.782419e-01     1.142490e-02     4.011491e-02 
        2.75     4.790678e-01     1.266873e-02     4.927244e-02 
        3.25     4.622443e-01     1.861351e-02     5.032883e-02 
        3.75     4.630059e-01     1.774276e-02     5.386271e-02 
        4.25     4.857824e-01     1.614271e-02     5.558126e-02 
        4.75     5.140291e-01     1.662808e-02     5.822159e-02 
         5.5     4.620416e-01     1.251444e-02     5.658713e-02 
         6.5     4.977141e-01     1.517188e-02     6.038610e-02 
         7.5     5.070215e-01     2.057740e-02     6.123313e-02 
         8.5     4.930047e-01     1.651493e-02     6.634826e-02 
         9.5     5.169502e-01     2.207365e-02     6.950513e-02 
          11     5.233656e-01     2.278844e-02     7.731425e-02 
          13     5.265774e-01     2.700478e-02     8.008006e-02 
          15     5.106840e-01     4.057926e-02     8.117740e-02 
          17     5.141982e-01     5.937200e-02     8.765488e-02 
          19     5.316600e-01     9.229963e-02     9.722678e-02 
# 0-20%
! 26
        2.25     3.980646e-01     1.908437e-02     4.364261e-02 
        2.75     4.927096e-01     2.097962e-02     5.275780e-02 
        3.25     5.013410e-01     3.281652e-02     5.738122e-02 
        3.75     4.508842e-01     2.963886e-02     5.462750e-02 
        4.25     4.833425e-01     2.558192e-02     5.700692e-02 
        4.75     5.190050e-01     2.929869e-02     6.089911e-02 
         5.5     4.871030e-01     2.343397e-02     6.161722e-02 
         6.5     5.202514e-01     2.751544e-02     6.497655e-02 
         7.5     5.526288e-01     3.417533e-02     6.907852e-02 
         8.5     5.020934e-01     2.672890e-02     6.946592e-02 
         9.5     5.619344e-01     3.590297e-02     7.769714e-02 
          11     5.475951e-01     3.508506e-02     8.274005e-02 
          13     5.333426e-01     3.941653e-02     8.295754e-02 
          15     4.897838e-01     5.871538e-02     8.070458e-02 
          17     5.449140e-01     8.335173e-02     9.663950e-02 
#20-40%
! 27
        2.25     3.630589e-01     1.531909e-02     3.861733e-02 
        2.75     4.815813e-01     1.853814e-02     4.961609e-02 
        3.25     4.194075e-01     2.517010e-02     4.568115e-02 
        3.75     4.845911e-01     2.677595e-02     5.653789e-02 
        4.25     5.272125e-01     2.481408e-02     6.058664e-02 
        4.75     5.205017e-01     2.467565e-02     5.949805e-02 
         5.5     4.661182e-01     1.875505e-02     5.718016e-02 
         6.5     4.763245e-01     2.219499e-02     5.811625e-02 
         7.5     4.627708e-01     3.097740e-02     5.642022e-02 
         8.5     4.913784e-01     2.671503e-02     6.654598e-02 
         9.5     5.137401e-01     3.491883e-02     6.960606e-02 
          11     5.233213e-01     3.810253e-02     7.845470e-02 
          13     5.230308e-01     4.694157e-02     8.000440e-02 
          15     6.819517e-01     7.845844e-02     1.095881e-01 
          17     6.076788e-01     1.192114e-01     1.061386e-01 
#40-60%
! 28
        2.25     3.574516e-01     1.507260e-02     3.755765e-02 
        2.75     4.560189e-01     1.730410e-02     4.641797e-02 
        3.25     4.153464e-01     2.293004e-02     4.493136e-02 
        3.75     4.934698e-01     2.424559e-02     5.751294e-02 
        4.25     4.471963e-01     2.183698e-02     5.097387e-02 
        4.75     4.926410e-01     2.323853e-02     5.569742e-02 
         5.5     4.808086e-01     1.879850e-02     5.871513e-02 
         6.5     4.771134e-01     2.489635e-02     5.813375e-02 
         7.5     5.411397e-01     3.902373e-02     6.551988e-02 
         8.5     5.016310e-01     3.282923e-02     6.788430e-02 
         9.5     4.793532e-01     4.387839e-02     6.524225e-02 
          11     5.142130e-01     5.289742e-02     7.667563e-02 
          13     5.494625e-01     7.118649e-02     8.445523e-02 
          15     5.400964e-01     1.134392e-01     8.841625e-02 
#60-90%
! 29 To be marked as supplemental
        2.25     3.462738e-01     1.364982e-02     3.688884e-02 
        2.75     4.395629e-01     1.558598e-02     4.529080e-02 
        3.25     4.476380e-01     2.355220e-02     4.895975e-02 
        3.75     4.457114e-01     2.355623e-02     5.222553e-02 
        4.25     5.182020e-01     2.355433e-02     5.984410e-02 
        4.75     4.720574e-01     2.633974e-02     5.368563e-02 
         5.5     5.052252e-01     2.458992e-02     6.224065e-02 
         6.5     4.870027e-01     2.983417e-02     5.981349e-02 
         7.5     4.117279e-01     4.217690e-02     5.120817e-02 
         8.5     4.879937e-01     4.127364e-02     6.669213e-02 
         9.5     4.517384e-01     5.659321e-02     6.225463e-02 
          11     5.166805e-01     6.457939e-02     7.718706e-02 
#
###########################################################
# Fig. 5. pi0 and eta R_AB in Cu+Au collisions at 200 GeV #
###########################################################
#
#### pi0 R_{AB} 
#
#p_T (GeV/c)           R_{AB}  Stat. + Syst. A          Syst. B          Syst. C  
#Minimum Bias [insert (f)]
! 38
        1.25     6.111292e-01     1.011692e-02     5.084493e-02     6.882466e-02  
        1.75     6.502404e-01     8.037539e-03     5.900708e-02     7.322932e-02  
        2.25     6.029412e-01     6.360217e-03     5.942629e-02     6.790254e-02  
        2.75     5.629193e-01     5.677713e-03     5.661726e-02     6.339532e-02  
        3.25     5.308333e-01     5.465233e-03     5.650516e-02     5.978183e-02  
        3.75     4.988635e-01     5.760501e-03     5.614507e-02     5.618143e-02  
        4.25     4.960363e-01     4.239714e-03     5.831959e-02     5.586303e-02  
        4.75     4.807050e-01     4.137313e-03     5.682759e-02     5.413644e-02  
        5.25     4.914182e-01     4.347449e-03     6.096790e-02     5.534295e-02  
        5.75     4.796194e-01     4.632974e-03     5.954676e-02     5.401418e-02  
        6.25     4.891573e-01     5.396451e-03     6.090386e-02     5.508833e-02  
        6.75     4.900675e-01     6.396520e-03     6.121410e-02     5.519083e-02  
        7.25     4.865975e-01     7.504488e-03     6.103684e-02     5.480005e-02  
        7.75     4.789734e-01     8.846868e-03     6.015402e-02     5.394143e-02  
        8.25     4.896594e-01     1.049930e-02     6.498362e-02     5.514487e-02  
        8.75     4.840185e-01     1.206506e-02     6.470103e-02     5.450960e-02  
        9.25     4.882922e-01     1.488528e-02     6.516706e-02     5.499090e-02  
        9.75     5.434771e-01     2.008840e-02     7.301814e-02     6.120576e-02  
          11     4.996155e-01     1.314429e-02     7.187023e-02     5.626612e-02  
          13     5.405165e-01     2.677514e-02     8.327680e-02     6.087234e-02  
          15     6.953174e-01     6.046602e-02     1.151213e-01     7.830584e-02  
          17     7.290349e-01     1.035843e-01     1.359642e-01     8.210306e-02  
          19     6.092986e-01     1.392930e-01     1.263854e-01     6.861850e-02  
#0-10% [insert (a)]
! 30
        1.25     5.196685e-01     1.590458e-02     4.401637e-02     5.572669e-02  
        1.75     5.588874e-01     1.302455e-02     5.147478e-02     5.993233e-02  
        2.25     4.915360e-01     1.001570e-02     4.893746e-02     5.270989e-02  
        2.75     4.456872e-01     8.522533e-03     4.525079e-02     4.779330e-02  
        3.25     4.086539e-01     7.602751e-03     4.386408e-02     4.382203e-02  
        3.75     3.700816e-01     7.043872e-03     4.194914e-02     3.968572e-02  
        4.25     3.548747e-01     6.101067e-03     4.200828e-02     3.805501e-02  
        4.75     3.389937e-01     5.764433e-03     4.033457e-02     3.635201e-02  
        5.25     3.561471e-01     6.012091e-03     4.445613e-02     3.819146e-02  
        5.75     3.519790e-01     6.120297e-03     4.398613e-02     3.774449e-02  
        6.25     3.503608e-01     6.608005e-03     4.387895e-02     3.757096e-02  
        6.75     3.527129e-01     7.371937e-03     4.432925e-02     3.782319e-02  
        7.25     3.545058e-01     8.206034e-03     4.477334e-02     3.801545e-02  
        7.75     3.470922e-01     9.168448e-03     4.387827e-02     3.722045e-02  
        8.25     3.657847e-01     1.045421e-02     4.885063e-02     3.922495e-02  
        8.75     3.445041e-01     1.113828e-02     4.632143e-02     3.694292e-02  
        9.25     3.528143e-01     1.351759e-02     4.737102e-02     3.783406e-02  
        9.75     3.989043e-01     1.768231e-02     5.396620e-02     4.277653e-02  
          11     3.707067e-01     1.168276e-02     5.357111e-02     3.975276e-02  
          13     4.009141e-01     2.288172e-02     6.200663e-02     4.299205e-02  
          15     5.373058e-01     5.174627e-02     9.069722e-02     5.761802e-02  
          17     5.622992e-01     9.033143e-02     1.074992e-01     6.029819e-02  
          19     5.115679e-01     1.337600e-01     1.093952e-01     5.485802e-02  
#10-20% [insert (b)]
! 31
        1.25     5.720146e-01     1.670647e-02     4.784862e-02     5.964971e-02  
        1.75     5.915543e-01     1.288928e-02     5.375632e-02     6.168731e-02  
        2.25     5.592486e-01     1.037781e-02     5.524516e-02     5.831847e-02  
        2.75     5.196093e-01     9.358638e-03     5.228421e-02     5.418488e-02  
        3.25     4.679610e-01     8.191790e-03     4.986046e-02     4.879900e-02  
        3.75     4.445297e-01     7.971782e-03     5.006652e-02     4.635558e-02  
        4.25     4.408320e-01     7.023698e-03     5.187096e-02     4.596998e-02  
        4.75     4.196005e-01     6.778334e-03     4.962508e-02     4.375596e-02  
        5.25     4.198320e-01     6.758128e-03     5.211355e-02     4.378010e-02  
        5.75     4.094865e-01     6.851128e-03     5.085424e-02     4.270127e-02  
        6.25     4.270431e-01     7.827013e-03     5.321506e-02     4.453208e-02  
        6.75     4.236047e-01     8.640890e-03     5.296881e-02     4.417352e-02  
        7.25     4.166226e-01     9.687347e-03     5.228250e-02     4.344543e-02  
        7.75     4.078127e-01     1.094603e-02     5.128451e-02     4.252673e-02  
        8.25     4.318888e-01     1.209989e-02     5.740309e-02     4.503739e-02  
        8.75     4.306417e-01     1.361504e-02     5.765991e-02     4.490734e-02  
        9.25     4.385416e-01     1.643147e-02     5.865602e-02     4.573114e-02  
        9.75     4.695994e-01     2.074299e-02     6.325046e-02     4.896985e-02  
          11     4.347490e-01     1.406586e-02     6.256538e-02     4.533565e-02  
          13     5.008597e-01     2.854293e-02     7.744720e-02     5.222968e-02  
          15     5.559531e-01     5.688241e-02     9.323771e-02     5.797482e-02  
          17     6.493700e-01     1.083069e-01     1.228369e-01     6.771634e-02  
          19     5.242127e-01     1.461350e-01     1.096883e-01     5.466493e-02  
#0-20% [insert (c)]
! 32
        1.25     5.408443e-01     1.233521e-02     4.561892e-02     5.725318e-02  
        1.75     5.736678e-01     9.836321e-03     5.263922e-02     6.072783e-02  
        2.25     5.213976e-01     7.678365e-03     5.186370e-02     5.519457e-02  
        2.75     4.758798e-01     6.694992e-03     4.826531e-02     5.037611e-02  
        3.25     4.335834e-01     6.039804e-03     4.650715e-02     4.589866e-02  
        3.75     4.009085e-01     5.903895e-03     4.542502e-02     4.243973e-02  
        4.25     3.908375e-01     4.857906e-03     4.624112e-02     4.137362e-02  
        4.75     3.719646e-01     4.644306e-03     4.423852e-02     3.937576e-02  
        5.25     3.827296e-01     4.797013e-03     4.774998e-02     4.051533e-02  
        5.75     3.762013e-01     4.954878e-03     4.697096e-02     3.982425e-02  
        6.25     3.821809e-01     5.583634e-03     4.784896e-02     4.045724e-02  
        6.75     3.825117e-01     6.340851e-03     4.805114e-02     4.049226e-02  
        7.25     3.803983e-01     7.220141e-03     4.798290e-02     4.026854e-02  
        7.75     3.716319e-01     8.245132e-03     4.693917e-02     3.934054e-02  
        8.25     3.935062e-01     9.633483e-03     5.250635e-02     4.165613e-02  
        8.75     3.801633e-01     1.065539e-02     5.107220e-02     4.024366e-02  
        9.25     3.872887e-01     1.307395e-02     5.194748e-02     4.099795e-02  
        9.75     4.266240e-01     1.717805e-02     5.763152e-02     4.516194e-02  
          11     3.951552e-01     1.136319e-02     5.707711e-02     4.183069e-02  
          13     4.419709e-01     2.324202e-02     6.830013e-02     4.678655e-02  
          15     5.618282e-01     5.112319e-02     9.422291e-02     5.947451e-02  
          17     6.072440e-01     9.080846e-02     1.147392e-01     6.428217e-02  
          19     5.097402e-01     1.241465e-01     1.068929e-01     5.396053e-02  
#20-40% [insert (d)]
! 34
        1.25     6.631129e-01     1.326601e-02     5.524842e-02     7.497378e-02  
        1.75     7.006328e-01     1.054984e-02     6.358999e-02     7.921591e-02  
        2.25     6.593650e-01     8.519634e-03     6.499743e-02     7.455003e-02  
        2.75     6.188190e-01     7.694929e-03     6.224914e-02     6.996576e-02  
        3.25     6.120685e-01     7.644499e-03     6.516063e-02     6.920253e-02  
        3.75     5.695549e-01     7.632709e-03     6.411091e-02     6.439580e-02  
        4.25     5.763004e-01     6.401210e-03     6.776348e-02     6.515847e-02  
        4.75     5.739665e-01     6.477436e-03     6.787696e-02     6.489459e-02  
        5.25     5.676203e-01     6.519829e-03     7.043314e-02     6.417707e-02  
        5.75     5.567399e-01     6.975472e-03     6.913619e-02     6.294689e-02  
        6.25     5.585409e-01     7.894463e-03     6.956077e-02     6.315052e-02  
        6.75     5.695284e-01     9.461166e-03     7.114701e-02     6.439280e-02  
        7.25     5.608393e-01     1.092278e-02     7.037692e-02     6.341038e-02  
        7.75     5.696533e-01     1.307874e-02     7.159114e-02     6.440692e-02  
        8.25     5.490347e-01     1.378660e-02     7.287948e-02     6.207572e-02  
        8.75     5.676645e-01     1.633205e-02     7.594497e-02     6.418206e-02  
        9.25     5.715680e-01     1.994028e-02     7.636656e-02     6.462341e-02  
        9.75     6.363868e-01     2.624653e-02     8.561714e-02     7.195204e-02  
          11     5.933187e-01     1.759108e-02     8.538516e-02     6.708261e-02  
          13     6.178850e-01     3.384270e-02     9.540224e-02     6.986016e-02  
          15     7.756583e-01     7.501900e-02     1.295654e-01     8.769854e-02  
          17     7.892735e-01     1.254515e-01     1.494431e-01     8.923792e-02  
          19     7.811229e-01     1.998247e-01     1.648782e-01     8.831639e-02  
#40-60% [insert (e)]
! 36
        1.25     8.116419e-01     1.483546e-02     6.647670e-02     1.193011e-01  
        1.75     8.963404e-01     1.222182e-02     8.026714e-02     1.317507e-01  
        2.25     8.728953e-01     1.031354e-02     8.507031e-02     1.283046e-01  
        2.75     8.561428e-01     9.538490e-03     8.520495e-02     1.258422e-01  
        3.25     8.414859e-01     9.596898e-03     8.871634e-02     1.236878e-01  
        3.75     8.314132e-01     1.044559e-02     9.278969e-02     1.222073e-01  
        4.25     8.452837e-01     8.480379e-03     9.861537e-02     1.242460e-01  
        4.75     8.232583e-01     8.689395e-03     9.659295e-02     1.210086e-01  
        5.25     8.556838e-01     9.571698e-03     1.054350e-01     1.257747e-01  
        5.75     8.188780e-01     1.041177e-02     1.009625e-01     1.203647e-01  
        6.25     8.508164e-01     1.257538e-02     1.052315e-01     1.250593e-01  
        6.75     8.372215e-01     1.508347e-02     1.038674e-01     1.230610e-01  
        7.25     8.340430e-01     1.778087e-02     1.039630e-01     1.225938e-01  
        7.75     8.404179e-01     2.166373e-02     1.049277e-01     1.235308e-01  
        8.25     7.960232e-01     2.172215e-02     1.050535e-01     1.170054e-01  
        8.75     8.157179e-01     2.570467e-02     1.085950e-01     1.199002e-01  
        9.25     8.291513e-01     3.155074e-02     1.102246e-01     1.218748e-01  
        9.75     9.007595e-01     4.030862e-02     1.206201e-01     1.324003e-01  
          11     8.083482e-01     2.667544e-02     1.158683e-01     1.188170e-01  
          13     8.456103e-01     5.276593e-02     1.305355e-01     1.242940e-01  
          15     1.037825e+00     1.225681e-01     1.749856e-01     1.525472e-01  
          17     1.087419e+00     2.060585e-01     2.090638e-01     1.598369e-01  
#60-90%
! 0 Needs to be added as supplemental 
        1.25     1.163545e+00     1.880846e-02     9.679099e-02     2.526548e-01  
        1.75     1.198862e+00     1.428740e-02     1.087838e-01     2.603236e-01  
        2.25     1.196214e+00     1.246642e-02     1.179015e-01     2.597486e-01  
        2.75     1.190006e+00     1.182252e-02     1.197223e-01     2.584006e-01  
        3.25     1.181264e+00     1.221670e-02     1.257492e-01     2.565023e-01  
        3.75     1.144692e+00     1.365895e-02     1.288333e-01     2.485610e-01  
        4.25     1.215273e+00     1.161169e-02     1.428979e-01     2.638871e-01  
        4.75     1.207827e+00     1.277794e-02     1.428252e-01     2.622703e-01  
        5.25     1.200328e+00     1.518883e-02     1.489463e-01     2.606419e-01  
        5.75     1.139889e+00     1.783115e-02     1.415606e-01     2.475181e-01  
        6.25     1.212915e+00     2.314718e-02     1.511360e-01     2.633751e-01  
        6.75     1.163354e+00     2.939137e-02     1.454275e-01     2.526133e-01  
        7.25     1.252045e+00     3.554710e-02     1.573474e-01     2.718719e-01  
        7.75     1.146785e+00     4.190271e-02     1.445088e-01     2.490155e-01  
        8.25     1.168334e+00     4.068396e-02     1.553759e-01     2.536947e-01  
        8.75     1.097799e+00     4.512567e-02     1.472684e-01     2.383786e-01  
        9.25     1.114716e+00     5.661180e-02     1.496467e-01     2.420520e-01  
        9.75     1.238163e+00     7.120858e-02     1.677134e-01     2.688575e-01  
          11     1.097972e+00     4.815169e-02     1.586063e-01     2.384161e-01  
          13     1.061579e+00     8.689878e-02     1.667345e-01     2.305137e-01  
          15     1.172236e+00     1.946480e-01     2.074203e-01     2.545420e-01  
#
#### eta R_{AB} 
#
#p_T (GeV/c)           R_{AB}  Stat. + Syst. A          Syst. B          Syst. C  
#Minimum Bias [insert (f)]
! 39
        2.25     6.605351e-01     4.008076e-02     1.586784e-01     7.438870e-02  
        2.75     6.242906e-01     3.619626e-02     1.126961e-01     7.030688e-02  
        3.25     5.506117e-01     2.172597e-02     7.563791e-02     6.200925e-02  
        3.75     5.185872e-01     1.957027e-02     7.253817e-02     5.840269e-02  
        4.25     5.241842e-01     1.726777e-02     7.309544e-02     5.903302e-02  
        4.75     5.143368e-01     1.679454e-02     7.122009e-02     5.792401e-02  
         5.5     4.760089e-01     1.307088e-02     6.318048e-02     5.360757e-02  
         6.5     4.937145e-01     1.583417e-02     6.506113e-02     5.560156e-02  
         7.5     5.121874e-01     2.253441e-02     6.725404e-02     5.768195e-02  
         8.5     4.947843e-01     2.082187e-02     6.816989e-02     5.572203e-02  
         9.5     5.568343e-01     3.198986e-02     7.669995e-02     6.271003e-02  
          11     5.058835e-01     2.914185e-02     7.300989e-02     5.697201e-02  
          13     6.733708e-01     6.002473e-02     9.796147e-02     7.583424e-02  
          15     6.658987e-01     9.789407e-02     9.865698e-02     7.499274e-02  
          17     7.310276e-01     1.591264e-01     1.109012e-01     8.232748e-02  
# 0-20% [insert (c)]
! 33
        2.25     6.011361e-01     4.234719e-02     1.451481e-01     6.363560e-02  
        2.75     5.427920e-01     3.591960e-02     9.905541e-02     5.745935e-02  
        3.25     4.877773e-01     3.135492e-02     6.888141e-02     5.163556e-02  
        3.75     4.058490e-01     2.628075e-02     5.816470e-02     4.296272e-02  
        4.25     4.109425e-01     2.135626e-02     5.824646e-02     4.350191e-02  
        4.75     4.018410e-01     2.246269e-02     5.674871e-02     4.253844e-02  
         5.5     3.917853e-01     1.876899e-02     5.321001e-02     4.147395e-02  
         6.5     4.030623e-01     2.150715e-02     5.418058e-02     4.266772e-02  
         7.5     4.351753e-01     2.767382e-02     5.855170e-02     4.606717e-02  
         8.5     4.012814e-01     2.342047e-02     5.650279e-02     4.247920e-02  
         9.5     4.780016e-01     3.526321e-02     6.730557e-02     5.060072e-02  
          11     4.186375e-01     3.074313e-02     6.162087e-02     4.431650e-02  
          13     5.576765e-01     5.705329e-02     8.287912e-02     5.903501e-02  
          15     5.160361e-01     8.780459e-02     7.846452e-02     5.462701e-02  
          17     6.452771e-01     1.517060e-01     1.009747e-01     6.830831e-02  
#20-40% [insert (d)]
! 35
        2.25     6.933541e-01     4.648219e-02     1.666533e-01     7.839295e-02  
        2.75     6.898859e-01     4.412717e-02     1.246008e-01     7.800083e-02  
        3.25     5.760392e-01     3.401589e-02     7.914268e-02     6.512894e-02  
        3.75     6.196777e-01     3.372824e-02     8.684449e-02     7.006285e-02  
        4.25     6.609412e-01     3.061715e-02     9.243165e-02     7.472824e-02  
        4.75     6.218566e-01     2.926005e-02     8.661789e-02     7.030920e-02  
         5.5     5.556104e-01     2.229223e-02     7.383779e-02     6.281919e-02  
         6.5     5.430169e-01     2.560869e-02     7.188675e-02     6.139532e-02  
         7.5     5.453536e-01     3.733459e-02     7.215261e-02     6.165952e-02  
         8.5     5.631354e-01     3.336182e-02     7.801718e-02     6.366999e-02  
         9.5     6.478489e-01     4.993361e-02     8.978996e-02     7.324798e-02  
          11     6.007099e-01     4.856763e-02     8.800698e-02     6.791829e-02  
          13     7.645704e-01     8.658517e-02     1.116692e-01     8.644491e-02  
          15     9.919677e-01     1.622188e-01     1.471874e-01     1.121552e-01  
          17     9.353128e-01     2.429275e-01     1.430543e-01     1.057496e-01  
#40-60% [insert (e)]
! 37
        2.25     9.037124e-01     6.075290e-02     2.171114e-01     1.328343e-01  
        2.75     9.038040e-01     5.772931e-02     1.631390e-01     1.328478e-01  
        3.25     7.842835e-01     4.266376e-02     1.079187e-01     1.152798e-01  
        3.75     9.211530e-01     4.460875e-02     1.297046e-01     1.353979e-01  
        4.25     8.222976e-01     3.975862e-02     1.150014e-01     1.208674e-01  
        4.75     8.442029e-01     3.966481e-02     1.173900e-01     1.240872e-01  
         5.5     8.567987e-01     3.340074e-02     1.141222e-01     1.259386e-01  
         6.5     8.178521e-01     4.295320e-02     1.088036e-01     1.202139e-01  
         7.5     9.454304e-01     6.916558e-02     1.250975e-01     1.389663e-01  
         8.5     8.304548e-01     5.733326e-02     1.155458e-01     1.220664e-01  
         9.5     8.679151e-01     8.488571e-02     1.213574e-01     1.275726e-01  
          11     8.041755e-01     8.664237e-02     1.176062e-01     1.182037e-01  
          13     1.099238e+00     1.580040e-01     1.614412e-01     1.615741e-01  
          15     1.051159e+00     2.420574e-01     1.575520e-01     1.545071e-01  
#60-90% 
! 40 
        2.25     1.199722e+00     7.890985e-02     2.884568e-01     2.605104e-01  
        2.75     1.210920e+00     7.584110e-02     2.187024e-01     2.629419e-01  
        3.25     1.186560e+00     6.168687e-02     1.634574e-01     2.576523e-01  
        3.75     1.145504e+00     5.995941e-02     1.610285e-01     2.487373e-01  
        4.25     1.369938e+00     6.170433e-02     1.922191e-01     2.974714e-01  
        4.75     1.186810e+00     6.602894e-02     1.647531e-01     2.577066e-01  
         5.5     1.259670e+00     6.079504e-02     1.680039e-01     2.735276e-01  
         6.5     1.179233e+00     7.143899e-02     1.569120e-01     2.560613e-01  
         7.5     1.041883e+00     1.061708e-01     1.399718e-01     2.262368e-01  
         8.5     1.145431e+00     9.814652e-02     1.597681e-01     2.487215e-01  
         9.5     1.109876e+00     1.415675e-01     1.555440e-01     2.410010e-01  
          11     1.097548e+00     1.380194e-01     1.596158e-01     2.383241e-01  
#
####################################################################
# Fig. 6. pi0 R_AB in Cu+Au, Au+Au and Cu+Cu collisions at 200 GeV #
####################################################################
#
#### Top Insert: pi0 R_AB in 0-10% Cu+Au and 20-30% Au+Au collisions at 200 GeV
#
#p_T (GeV/c)           R_{AB}  Stat. + Syst. A          Syst. B          Syst. C  
#0-10% Cu+Au
! -1 Defined above
        1.25     5.196685e-01     1.590458e-02     4.401637e-02     5.572669e-02  
        1.75     5.588874e-01     1.302455e-02     5.147478e-02     5.993233e-02  
        2.25     4.915360e-01     1.001570e-02     4.893746e-02     5.270989e-02  
        2.75     4.456872e-01     8.522533e-03     4.525079e-02     4.779330e-02  
        3.25     4.086539e-01     7.602751e-03     4.386408e-02     4.382203e-02  
        3.75     3.700816e-01     7.043872e-03     4.194914e-02     3.968572e-02  
        4.25     3.548747e-01     6.101067e-03     4.200828e-02     3.805501e-02  
        4.75     3.389937e-01     5.764433e-03     4.033457e-02     3.635201e-02  
        5.25     3.561471e-01     6.012091e-03     4.445613e-02     3.819146e-02  
        5.75     3.519790e-01     6.120297e-03     4.398613e-02     3.774449e-02  
        6.25     3.503608e-01     6.608005e-03     4.387895e-02     3.757096e-02  
        6.75     3.527129e-01     7.371937e-03     4.432925e-02     3.782319e-02  
        7.25     3.545058e-01     8.206034e-03     4.477334e-02     3.801545e-02  
        7.75     3.470922e-01     9.168448e-03     4.387827e-02     3.722045e-02  
        8.25     3.657847e-01     1.045421e-02     4.885063e-02     3.922495e-02  
        8.75     3.445041e-01     1.113828e-02     4.632143e-02     3.694292e-02  
        9.25     3.528143e-01     1.351759e-02     4.737102e-02     3.783406e-02  
        9.75     3.989043e-01     1.768231e-02     5.396620e-02     4.277653e-02  
          11     3.707067e-01     1.168276e-02     5.357111e-02     3.975276e-02  
          13     4.009141e-01     2.288172e-02     6.200663e-02     4.299205e-02  
          15     5.373058e-01     5.174627e-02     9.069722e-02     5.761802e-02  
          17     5.622992e-01     9.033143e-02     1.074992e-01     6.029819e-02  
          19     5.115679e-01     1.337600e-01     1.093952e-01     5.485802e-02  
#20-30% Au+Au
! 41 Change eta to pi0
        1.25     4.524000e-01     6.235094e-03     5.426774e-02     4.756402e-02  
        1.75     5.142000e-01     5.493027e-03     6.430213e-02     5.406150e-02  
        2.25     5.025000e-01     5.305209e-03     6.705009e-02     5.283139e-02  
        2.75     4.535000e-01     5.242896e-03     6.290915e-02     4.767968e-02  
        3.25     3.990000e-01     5.417389e-03     5.680214e-02     4.194970e-02  
        3.75     3.802000e-01     6.380016e-03     5.471147e-02     3.997313e-02  
        4.25     3.604000e-01     5.295633e-03     5.471135e-02     3.789141e-02  
        4.75     3.516000e-01     5.937516e-03     5.354979e-02     3.696620e-02  
        5.25     3.282000e-01     6.885630e-03     5.005655e-02     3.450600e-02  
        5.75     3.223000e-01     8.175068e-03     4.911882e-02     3.388569e-02  
        6.25     3.351000e-01     1.018734e-02     5.108382e-02     3.523144e-02  
        6.75     3.262000e-01     8.932461e-03     4.981237e-02     3.429572e-02  
        7.25     3.003000e-01     1.041392e-02     4.598793e-02     3.157267e-02  
        7.75     3.102000e-01     1.291882e-02     4.761290e-02     3.261353e-02  
        8.25     3.324000e-01     1.651056e-02     5.135068e-02     3.494757e-02  
        8.75     3.566000e-01     1.970913e-02     5.547481e-02     3.749189e-02  
        9.25     3.445000e-01     2.450823e-02     5.388834e-02     3.621973e-02  
        9.75     3.502000e-01     3.136497e-02     5.557325e-02     3.681901e-02  
          11     3.198000e-01     2.196333e-02     5.412815e-02     3.362284e-02  
          13     3.356000e-01     4.234713e-02     6.686950e-02     3.528401e-02  
          15     4.554000e-01     8.777856e-02     1.081806e-01     4.787944e-02  
          17     5.281000e-01     1.801349e-01     1.442385e-01     5.552290e-02 
#
#### Bottom Insert: pi0 R_AB in 20-40% Cu+Au, 40-50% Au+Au and 0-10% Cu+Cu collisions at 200 GeV
#
#p_T (GeV/c)           R_{AB}  Stat. + Syst. A          Syst. B          Syst. C  
#20-40% Cu+Au
! -1 Defined above
        1.25     6.631129e-01     1.326601e-02     5.524842e-02     7.497378e-02  
        1.75     7.006328e-01     1.054984e-02     6.358999e-02     7.921591e-02  
        2.25     6.593650e-01     8.519634e-03     6.499743e-02     7.455003e-02  
        2.75     6.188190e-01     7.694929e-03     6.224914e-02     6.996576e-02  
        3.25     6.120685e-01     7.644499e-03     6.516063e-02     6.920253e-02  
        3.75     5.695549e-01     7.632709e-03     6.411091e-02     6.439580e-02  
        4.25     5.763004e-01     6.401210e-03     6.776348e-02     6.515847e-02  
        4.75     5.739665e-01     6.477436e-03     6.787696e-02     6.489459e-02  
        5.25     5.676203e-01     6.519829e-03     7.043314e-02     6.417707e-02  
        5.75     5.567399e-01     6.975472e-03     6.913619e-02     6.294689e-02  
        6.25     5.585409e-01     7.894463e-03     6.956077e-02     6.315052e-02  
        6.75     5.695284e-01     9.461166e-03     7.114701e-02     6.439280e-02  
        7.25     5.608393e-01     1.092278e-02     7.037692e-02     6.341038e-02  
        7.75     5.696533e-01     1.307874e-02     7.159114e-02     6.440692e-02  
        8.25     5.490347e-01     1.378660e-02     7.287948e-02     6.207572e-02  
        8.75     5.676645e-01     1.633205e-02     7.594497e-02     6.418206e-02  
        9.25     5.715680e-01     1.994028e-02     7.636656e-02     6.462341e-02  
        9.75     6.363868e-01     2.624653e-02     8.561714e-02     7.195204e-02  
          11     5.933187e-01     1.759108e-02     8.538516e-02     6.708261e-02  
          13     6.178850e-01     3.384270e-02     9.540224e-02     6.986016e-02  
          15     7.756583e-01     7.501900e-02     1.295654e-01     8.769854e-02  
          17     7.892735e-01     1.254515e-01     1.494431e-01     8.923792e-02  
          19     7.811229e-01     1.998247e-01     1.648782e-01     8.831639e-02  
#40-50% Au+Au
! 43 Change eta to pi0
        1.25     5.491000e-01     6.105182e-03     6.239463e-02     6.518677e-02  
        1.75     6.287000e-01     6.223637e-03     7.786559e-02     7.463654e-02  
        2.25     6.235000e-01     6.239643e-03     8.288124e-02     7.401922e-02  
        2.75     6.007000e-01     6.598661e-03     8.316270e-02     7.131250e-02  
        3.25     5.724000e-01     7.291900e-03     8.134719e-02     6.795285e-02  
        3.75     5.417000e-01     8.802766e-03     7.789081e-02     6.430828e-02  
        4.25     5.463000e-01     7.756469e-03     8.289641e-02     6.485437e-02  
        4.75     5.217000e-01     9.313722e-03     7.944063e-02     6.193396e-02  
        5.25     5.247000e-01     1.163475e-02     8.003019e-02     6.229011e-02  
        5.75     5.462000e-01     1.532763e-02     8.327086e-02     6.484250e-02  
        6.25     5.258000e-01     1.802342e-02     8.019444e-02     6.242070e-02  
        6.75     5.114000e-01     1.727818e-02     7.812367e-02     6.071119e-02  
        7.25     4.716000e-01     2.132992e-02     7.228951e-02     5.598631e-02  
        7.75     4.980000e-01     2.520312e-02     7.671324e-02     5.912040e-02  
        8.25     5.567000e-01     3.280102e-02     8.615288e-02     6.608901e-02  
        8.75     5.173000e-01     3.793670e-02     8.065234e-02     6.141162e-02  
        9.25     5.330000e-01     4.494479e-02     8.458002e-02     6.327545e-02  
        9.75     5.254000e-01     5.717662e-02     8.361032e-02     6.237321e-02  
          11     4.746000e-01     3.931843e-02     8.134385e-02     5.634246e-02  
          13     5.588000e-01     7.721844e-02     1.139833e-01     6.633832e-02  
          15     6.307000e-01     1.708405e-01     1.516332e-01     7.487397e-02  
#0-10% Cu+Cu
! 42 Change eta to pi0
        1.25     6.470000e-01     6.700154e-02     8.114465e-02     9.588501e-02  
        1.75     6.340000e-01     4.800521e-02     8.766884e-02     9.395842e-02  
        2.25     5.810000e-01     4.601303e-02     8.630205e-02     8.610385e-02  
        2.75     5.410000e-01     4.403259e-02     8.365180e-02     8.017587e-02  
        3.25     4.920000e-01     4.207301e-02     7.863253e-02     7.291410e-02  
        3.75     4.700000e-01     4.016655e-02     7.716407e-02     6.965372e-02  
        4.25     4.750000e-01     4.400908e-02     7.988730e-02     7.039471e-02  
        4.75     4.600000e-01     4.301820e-02     7.767176e-02     6.817172e-02  
        5.25     4.590000e-01     4.403508e-02     7.861525e-02     6.802352e-02  
        5.75     4.640000e-01     4.506516e-02     7.889888e-02     6.876452e-02  
        6.25     4.720000e-01     4.711708e-02     8.026542e-02     6.995012e-02  
        6.75     5.010000e-01     5.320163e-02     9.460673e-02     7.424790e-02  
        7.25     4.900000e-01     5.231673e-02     8.319890e-02     7.261771e-02  
        7.75     5.070000e-01     5.748366e-02     8.999636e-02     7.513710e-02  
        8.25     5.180000e-01     5.384047e-02     9.584124e-02     7.676729e-02  
        8.75     5.300000e-01     5.816694e-02     9.835689e-02     7.854568e-02  
        9.25     5.550000e-01     6.379862e-02     1.030827e-01     8.225067e-02  
        9.75     6.020000e-01     7.387637e-02     1.117470e-01     8.921604e-02  
          11     5.580000e-01     6.344821e-02     1.047078e-01     8.269526e-02  
          13     5.840000e-01     8.442251e-02     1.134998e-01     8.654845e-02  
          15     5.900000e-01     1.209962e-01     1.189587e-01     8.743765e-02  
          17     6.370000e-01     1.959569e-01     1.374316e-01     9.440302e-02   
#
########################################################################
# Fig. 7. pi0 Integrated R_AB in Cu+Au and Au+Au collisions at 200 GeV #
########################################################################
#
#### Top Insert: p_T > 5 (GeV/c)
#
#   N_{part}      Int. R_{AB}  Stat. + Syst. A      Syst. B + C  
#Cu+Au
! 44
      8.9155     1.175351e+00     8.433704e-03     1.949688e-01  
       34.92     8.374030e-01     4.807933e-03     1.389095e-01  
       80.37     5.657007e-01     3.117860e-03     9.383918e-02  
       132.4     4.230856e-01     2.924851e-03     7.018200e-02  
       177.2     3.559419e-01     2.515127e-03     5.904411e-02  
#Au+Au
! 45
         6.3     7.780000e-01     2.780000e-02     2.265531e-01  
        13.4     8.010000e-01     2.050000e-02     2.917915e-01  
        25.7     7.430000e-01     1.280000e-02     2.270631e-01  
        45.4     6.460000e-01     8.780000e-03     1.456219e-01  
        74.4     5.200000e-01     6.140000e-03     1.054523e-01  
         167     3.250000e-01     3.290000e-03     8.227062e-02  
         235     2.590000e-01     2.600000e-03     7.641842e-02  
#
#### Bottom Insert: p_T > 10 (GeV/c)
#
#   N_{part}      Int. R_{AB}  Stat. + Syst. A      Syst. B + C  
#Cu+Au
! 46
      8.9155     1.093127e+00     4.116527e-02     1.997397e-01  
       34.92     8.273446e-01     2.322064e-02     1.511751e-01  
       80.37     6.095629e-01     1.512555e-02     1.113813e-01  
       132.4     4.557356e-01     1.219606e-02     8.327347e-02  
       177.2     3.861600e-01     1.010742e-02     7.056039e-02  
#Au+Au
! 47
         6.3     5.880000e-01     1.640000e-01     1.885376e-01  
        13.4     6.220000e-01     1.110000e-01     2.354915e-01  
        25.7     7.080000e-01     7.400000e-02     2.252449e-01  
        45.4     6.440000e-01     5.090000e-02     1.542478e-01  
        74.4     4.980000e-01     3.270000e-02     1.113176e-01  
         167     3.320000e-01     1.770000e-02     8.741399e-02  
         235     2.730000e-01     1.280000e-02     8.054259e-02 