$p_T$ (GeV/$c$)
2
Inlusive Electron Invariant Crossection
Non-Photonic Electron Invariant Crossection
2
2
yes
none
none
2
stat.
asymmetric
sys.
symmetric
0.4 0.5 0.0707 0.0033 1000 0.0051
0.5 0.6 0.0310 0.0019 1000 0.0020
0.6 0.8 0.0115 0.00070 1000 0.00068
0.8 1.0 0.00336 0.00033 1000 0.00020
1.0 1.2 0.00121 0.00016 1000 0.000071
1.2 1.4 0.000461 0.000066 1000 0.000027
1.4 1.6 0.000253 0.000029 1000 0.000016
1.6 2.0 0.0000827 0.0000074 1000 0.0000054
2.0 2.5 0.0000234 0.0000023 1000 0.0000018
2.5 3.0 0.00000487 0.0000011 0.00000088 0.00000045
3.0 4.0 0.00000120 0.00000033 0.00000026 0.00000015
4.0 5.0 0.000000138 0.00000016 0.00000010 0.000000047
***
0.4 0.5 0.0145 0.0033 1000 0.011
0.5 0.6 0.00614 0.0019 1000 0.0050
0.6 0.8 0.00299 0.00072 1000 0.0018
0.8 1.0 0.000834 0.00033 1000 0.00053
1.0 1.2 0.000344 0.00017 1000 0.00019
1.2 1.4 0.000125 0.000067 1000 0.000072
1.4 1.6 0.000112 0.000030 1000 0.000037
1.6 2.0 0.0000388 0.0000076 1000 0.000012
2.0 2.5 0.0000137 0.0000024 1000 0.0000034
2.5 3.0 0.00000258 0.0000011 0.00000089 0.00000071
3.0 4.0 0.000000840 0.00000033 0.00000027 0.00000018
4.0 5.0 0.000000190 0.00000016 0.00000011 0.000000035
***