Centrality (%)
2
N$_{part}$ 
$\mu$ 
#Qual: name: 'particle$', value: 'Au + Au' 
#Qual: name: 'Energy', value: '7.7GeV' 
yes
none
none
1
sta.
symmetric
0	5	333.7	4.8	
5	10	287.7	6.4	
10	15	242.9	5.3	
15	20	205.9	5.1	
20	25	174.4	5.6	
25	30	145.8	5	
30	35	121.1	5.7	
35	40	99.15	6.3	
40	45	78.8	4.8	
45	50	61.42	4.1	
50	55	46.61	4.2	
55	60	4.09	4.2	
***
0	5   3.25962	0.016
5	10  2.76381	0.013
10	15  2.28535	0.012
15	20  1.84155	0.011
20	25  1.47078	0.009
25	30  1.16796	0.008
30	35  0.91454	0.007
35	40  0.70084	0.006
40	45  0.52536	0.005
45	50  0.37517	0.004
50	55  0.26452	0.004
55	60  0.17665	0.003
***