pT (GeV/c)
1
y-axis-label-placeholder
10-20%
yes
none
none
3
stat.
symmetric
pT uncorr.
symmetric
pT corr.
symmetric
1 1.5 1.86 0.04 0.16 0.07
1.5 2 0.343 0.007 0.030 0.014
2 2.5 0.0733 0.0017 0.006 0.0033
2.5 3 0.0173 6e-4 0.0015 8e-4
3 3.5 0.00455 2.0e-4 4e-4 2.2e-4
3.5 4 0.00155 4e-5 1.4e-4 8e-5
4 4.5 5.56e-4 1.9e-5 5e-5 2.9e-5
4.5 5 2.09e-4 1.0e-5 1.9e-5 1.1e-5
5 5.5 9.9e-5 5e-6 9e-6 5e-6
5.5 6 3.70e-5 3.3e-6 4e-6 2.0e-6
6 6.5 2.03e-5 2.0e-6 2.2e-6 1.1e-6
6.5 7 1.10e-5 1.6e-6 1.4e-6 5e-7
7 7.5 6.65e-6 1.0e-6 8e-7 3.5e-7
7.5 8 4.23e-6 8e-7 6e-7 1.7e-7
8 8.5 2.12e-6 5e-7 5e-7 1.1e-7
8.5 9 1.98e-6 5e-7 5e-7 1.0e-7
***