pT (GeV/c)
1
y-axis-label-placeholder
min. bias
yes
none
none
3
stat.
symmetric
pT uncorr.
symmetric
pT corr.
symmetric
1.00 1.50 0.882 0.010 0.08 0.034
1.50 2.00 0.1700 0.0017 0.015 0.007
2.00 2.50 0.0350 4e-4 0.0031 0.0016
2.50 3.00 0.00822 1.3e-4 7e-4 4e-4
3.00 3.50 0.00222 5e-5 2.0e-4 1.1e-4
3.50 4.00 7.31e-4 1.0e-5 7e-5 4e-5
4.00 4.50 2.63e-4 4e-6 2.4e-5 1.4e-5
4.50 5.00 1.070e-4 2.4e-6 1.0e-5 6e-6
5.00 5.50 4.59e-5 1.3e-6 4e-6 2.6e-6
5.50 6.00 2.02e-5 8e-7 1.8e-6 1.2e-6
6.00 6.50 1.04e-5 5e-7 1.0e-6 6e-7
6.50 7.00 5.52e-6 3.4e-7 5e-7 3.2e-7
7.00 7.50 2.95e-6 2.3e-7 2.9e-7 1.7e-7
7.50 8.00 1.85e-6 1.9e-7 1.9e-7 1.0e-7
8.00 8.50 1.13e-6 1.2e-7 1.9e-7 6e-8
8.50 9.00 8.3e-7 1.0e-7 1.5e-7 4e-8
9.00 9.50 5.18e-7 7e-8 1.0e-7 2.6e-8
9.50 10.00 2.83e-7 6e-8 7e-8 1.4e-8
10.00 10.50 1.98e-7 4e-8 5e-8 1.0e-8
10.50 11.00 1.58e-7 4e-8 4e-8 8e-9
11.00 11.50 1.09e-7 3.0e-8 3.3e-8 5e-9
11.50 12.00 7.5e-8 2.5e-8 2.7e-8 4e-9
***