
pi0 RAA, Cent: 0% to 92% (from PRL101, 232301 (2008) )
** ptuncor includes staterr **
pT   RAA       staterr	 ptuncor   ptcorsys  NclE(%) NormE(%)
1.25 4.167e-01 3.497e-03 3.497e-03 4.114e-02 7.33    9.7
1.75 4.722e-01 3.403e-03 3.403e-03 4.780e-02 7.33    9.7
2.25 4.584e-01 3.324e-03 3.324e-03 4.942e-02 7.33    9.7
2.75 4.039e-01 3.110e-03 3.110e-03 4.540e-02 7.33    9.7
3.25 3.587e-01 3.213e-03 3.213e-03 4.137e-02 7.33    9.7
3.75 3.292e-01 3.622e-03 3.622e-03 3.825e-02 7.33    9.7
4.25 3.102e-01 2.673e-03 2.673e-03 3.755e-02 7.33    9.7
4.75 3.012e-01 2.940e-03 2.940e-03 3.644e-02 7.33    9.7
5.25 2.860e-01 3.196e-03 3.196e-03 3.452e-02 7.33    9.7
5.75 2.781e-01 3.731e-03 3.731e-03 3.347e-02 7.33    9.7
6.25 2.794e-01 4.502e-03 4.502e-03 3.353e-02 7.33    9.7
6.75 2.900e-01 4.544e-03 4.544e-03 3.472e-02 7.33    9.7
7.25 2.815e-01 5.571e-03 5.571e-03 3.367e-02 7.33    9.7
7.75 2.804e-01 6.493e-03 6.493e-03 3.357e-02 7.33    9.7
8.25 2.890e-01 8.127e-03 8.127e-03 3.468e-02 7.33    9.7
8.75 2.813e-01 9.070e-03 9.070e-03 3.391e-02 7.33    9.7
9.25 2.946e-01 1.137e-02 1.137e-02 3.580e-02 7.33    9.7
9.75 3.211e-01 1.540e-02 1.540e-02 3.937e-02 7.33    9.7
11.0 2.899e-01 1.075e-02 1.075e-02 3.850e-02 7.33    9.7
13.0 2.690e-01 2.250e-02 2.250e-02 4.159e-02 7.33    9.7
15.0 4.117e-01 4.844e-02 4.844e-02 7.309e-02 7.33    9.7
17.0 4.254e-01 8.366e-02 8.366e-02 8.734e-02 7.33    9.7
19.0 2.309e-01 8.714e-02 8.714e-02 5.492e-02 7.33    9.7


Eta RAA, Cent 0-92% (This work)
pT   RAA       StatErrLo StatErrUp SysErr-B  SysErr-C
5.50 2.969e-01 1.509e-02 1.509e-02 4.008e-02 3.622e-02
6.50 2.686e-01 1.492e-02 1.492e-02 3.626e-02 3.277e-02
7.50 2.908e-01 1.780e-02 1.780e-02 3.926e-02 3.548e-02
8.50 3.000e-01 2.166e-02 2.166e-02 4.050e-02 3.660e-02
9.50 3.402e-01 3.064e-02 3.064e-02 4.592e-02 4.150e-02
11.0 2.728e-01 2.985e-02 2.985e-02 3.682e-02 3.328e-02
13.0 4.702e-01 7.681e-02 7.681e-02 6.348e-02 5.737e-02
15.0 3.160e-01 7.493e-02 7.493e-02 4.266e-02 3.855e-02
17.0 4.238e-01 1.291e-01 1.291e-01 5.721e-02 5.170e-02
19.0 6.935e-01 6.151e-01 3.892e-01 9.362e-02 8.460e-02
