-------------------
Cent 0-5%
pT   InvYield  StatErr   SysErr-A  SysErr-B  SysErr-C
5.50 4.171e-05 4.159e-06 1.251e-06 4.630e-06 2.169e-06
6.50 9.530e-06 1.200e-06 2.859e-07 1.058e-06 4.956e-07
7.50 2.977e-06 4.423e-07 8.931e-08 3.304e-07 1.548e-07
8.50 1.184e-06 2.064e-07 3.553e-08 1.315e-07 6.159e-08
9.50 5.516e-07 1.090e-07 1.655e-08 6.123e-08 2.868e-08
11.00 1.842e-07 3.060e-08 5.527e-09 2.045e-08 9.581e-09
13.00 5.052e-08 1.394e-08 1.516e-09 5.607e-09 2.627e-09
15.00 1.284e-08 6.794e-09 3.852e-10 1.425e-09 6.676e-10
17.00 3.121e-09 2.822e-09 9.363e-11 3.464e-10 1.623e-10
19.00 2.494e-09 <-- 90% limit
21.00 2.269e-09 <-- 90% limit


-------------------
Cent 0-10%
pT   InvYield  StatErr   SysErr-A  SysErr-B  SysErr-C
5.50 3.251e-05 2.465e-06 9.752e-07 3.608e-06 1.690e-06
6.50 7.097e-06 7.544e-07 2.129e-07 7.877e-07 3.690e-07
7.50 2.844e-06 2.877e-07 8.532e-08 3.157e-07 1.479e-07
8.50 1.216e-06 1.360e-07 3.648e-08 1.350e-07 6.324e-08
9.50 4.389e-07 7.207e-08 1.317e-08 4.872e-08 2.282e-08
11.00 1.484e-07 2.461e-08 4.453e-09 1.648e-08 7.719e-09
13.00 4.882e-08 7.883e-09 1.465e-09 5.419e-09 2.538e-09
15.00 6.432e-09 3.923e-09 1.930e-10 7.140e-10 3.345e-10
17.00 2.391e-09 1.971e-09 7.172e-11 2.653e-10 1.243e-10
19.00 1.731e-09 <-- 90% limit
21.00 1.645e-09 <-- 90% limit


-------------------
Cent 10-20%
pT   InvYield  StatErr   SysErr-A  SysErr-B  SysErr-C
5.50 2.996e-05 1.859e-06 8.989e-07 3.326e-06 1.558e-06
6.50 6.484e-06 5.487e-07 1.945e-07 7.197e-07 3.372e-07
7.50 2.276e-06 2.121e-07 6.829e-08 2.527e-07 1.184e-07
8.50 1.049e-06 1.015e-07 3.147e-08 1.164e-07 5.455e-08
9.50 4.179e-07 5.768e-08 1.254e-08 4.638e-08 2.173e-08
11.00 8.635e-08 2.099e-08 2.591e-09 9.585e-09 4.490e-09
13.00 3.094e-08 7.459e-09 9.281e-10 3.434e-09 1.609e-09
15.00 1.444e-08 3.967e-09 4.333e-10 1.603e-09 7.511e-10
17.00 4.013e-09 1.944e-09 1.204e-10 4.454e-10 2.087e-10
19.00 1.867e-09 1.137e-09 5.601e-11 2.072e-10 9.709e-11
21.00 6.338e-10 4.355e-10 1.901e-11 7.035e-11 3.296e-11


-------------------
Cent 0-20%
pT   InvYield  StatErr   SysErr-A  SysErr-B  SysErr-C
5.50 3.106e-05 1.531e-06 9.317e-07 3.447e-06 1.615e-06
6.50 6.723e-06 4.574e-07 2.017e-07 7.462e-07 3.496e-07
7.50 2.515e-06 1.746e-07 7.545e-08 2.792e-07 1.308e-07
8.50 1.107e-06 8.288e-08 3.320e-08 1.228e-07 5.754e-08
9.50 4.200e-07 4.531e-08 1.260e-08 4.662e-08 2.184e-08
11.00 1.157e-07 1.596e-08 3.470e-09 1.284e-08 6.015e-09
13.00 3.700e-08 5.443e-09 1.110e-09 4.107e-09 1.924e-09
15.00 1.059e-08 2.786e-09 3.176e-10 1.175e-09 5.506e-10
17.00 3.223e-09 1.381e-09 9.668e-11 3.577e-10 1.676e-10
19.00 8.809e-10 <-- 90% limit
21.00 3.968e-10 <-- 90% limit


-------------------
Cent 20-40%
pT   InvYield  StatErr   SysErr-A  SysErr-B  SysErr-C
5.50 2.040e-05 8.388e-07 6.121e-07 2.265e-06 1.061e-06
6.50 5.230e-06 2.603e-07 1.569e-07 5.806e-07 2.720e-07
7.50 1.712e-06 1.078e-07 5.137e-08 1.901e-07 8.903e-08
8.50 5.521e-07 5.522e-08 1.656e-08 6.128e-08 2.871e-08
9.50 2.766e-07 3.251e-08 8.299e-09 3.071e-08 1.439e-08
11.00 6.577e-08 1.206e-08 1.973e-09 7.300e-09 3.420e-09
13.00 2.940e-08 3.945e-09 8.819e-10 3.263e-09 1.529e-09
15.00 2.092e-09 1.816e-09 6.277e-11 2.322e-10 1.088e-10
17.00 2.790e-09 1.016e-09 8.370e-11 3.097e-10 1.451e-10
19.00 2.076e-09 5.992e-10 6.227e-11 2.304e-10 1.079e-10
21.00 4.931e-10 <-- 90% limit


-------------------
Cent 40-60%
pT   InvYield  StatErr   SysErr-A  SysErr-B  SysErr-C
5.50 1.060e-05 4.315e-07 3.179e-07 1.176e-06 5.509e-07
6.50 2.842e-06 1.472e-07 8.527e-08 3.155e-07 1.478e-07
7.50 7.103e-07 7.259e-08 2.131e-08 7.885e-08 3.694e-08
8.50 3.130e-07 3.879e-08 9.390e-09 3.474e-08 1.628e-08
9.50 1.264e-07 2.648e-08 3.793e-09 1.403e-08 6.574e-09
11.00 4.254e-08 5.722e-09 1.276e-09 4.721e-09 2.212e-09
13.00 1.036e-08 2.510e-09 3.107e-10 1.150e-09 5.385e-10
15.00 4.175e-09 1.300e-09 1.252e-10 4.634e-10 2.171e-10
17.00 1.326e-09 6.208e-10 3.978e-11 1.472e-10 6.895e-11
19.00 3.866e-10 <-- 90% limit
21.00 2.875e-10 1.976e-10 8.626e-12 3.192e-11 1.495e-11


-------------------
Cent 20-60%
pT   InvYield  StatErr   SysErr-A  SysErr-B  SysErr-C
5.50 1.544e-05 4.682e-07 4.632e-07 1.714e-06 8.029e-07
6.50 3.986e-06 1.467e-07 1.196e-07 4.425e-07 2.073e-07
7.50 1.206e-06 6.288e-08 3.619e-08 1.339e-07 6.273e-08
8.50 4.277e-07 3.289e-08 1.283e-08 4.748e-08 2.224e-08
9.50 2.108e-07 1.982e-08 6.324e-09 2.340e-08 1.096e-08
11.00 4.917e-08 7.757e-09 1.475e-09 5.458e-09 2.557e-09
13.00 1.916e-08 2.328e-09 5.749e-10 2.127e-09 9.965e-10
15.00 3.162e-09 1.106e-09 9.485e-11 3.510e-10 1.644e-10
17.00 2.039e-09 5.906e-10 6.117e-11 2.263e-10 1.060e-10
19.00 1.012e-09 3.154e-10 3.035e-11 1.123e-10 5.260e-11
21.00 1.476e-10 1.446e-10 4.428e-12 1.638e-11 7.675e-12

(For 21GeV/c, after adding StatErr and SysErr-A, the point
is no longer significant. In Fig 1, 90% limit is plotted
for this point)


-------------------
Cent 60-92%
pT   InvYield  StatErr   SysErr-A  SysErr-B  SysErr-C
5.50 1.981e-06 1.159e-07 5.942e-08 2.199e-07 1.030e-07
6.50 5.354e-07 5.151e-08 1.606e-08 5.943e-08 2.784e-08
7.50 1.711e-07 2.521e-08 5.134e-09 1.899e-08 8.898e-09
8.50 6.886e-08 1.004e-08 2.066e-09 7.643e-09 3.581e-09
9.50 2.603e-08 5.437e-09 7.809e-10 2.890e-09 1.354e-09
11.00 1.123e-08 1.865e-09 3.369e-10 1.246e-09 5.839e-10
13.00 1.483e-09 8.391e-10 4.450e-11 1.646e-10 7.713e-11
15.00 7.511e-10 <-- 90% limit
17.00 3.302e-10 2.208e-10 9.907e-12 3.666e-11 1.717e-11
19.00 9.746e-11 9.742e-11 2.924e-12 1.082e-11 5.068e-12

(For 19GeV/c, after adding StatErr and SysErr-A, the point
is no longer significant. In Fig 1, 90% limit is plotted
for this point)


-------------------
Cent 0-92%
pT   InvYield  StatErr   SysErr-A  SysErr-B  SysErr-C
5.50 1.324e-05 3.582e-07 3.972e-07 1.470e-06 6.885e-07
6.50 3.128e-06 1.058e-07 9.383e-08 3.472e-07 1.626e-07
7.50 1.038e-06 4.155e-08 3.113e-08 1.152e-07 5.397e-08
8.50 3.925e-07 2.038e-08 1.178e-08 4.357e-08 2.041e-08
9.50 1.691e-07 1.164e-08 5.073e-09 1.877e-08 8.793e-09
11.00 4.614e-08 4.288e-09 1.384e-09 5.122e-09 2.399e-09
13.00 1.692e-08 2.347e-09 5.076e-10 1.878e-09 8.798e-10
15.00 3.621e-09 7.075e-10 1.086e-10 4.020e-10 1.883e-10
17.00 1.600e-09 3.719e-10 4.800e-11 1.776e-10 8.320e-11
19.00 5.848e-10 2.193e-10 1.755e-11 6.492e-11 3.041e-11
21.00 1.283e-10 1.071e-10 3.848e-12 1.424e-11 6.670e-12


-------------------
p+p 
pT    CrossSec   StatErrLo  StatErrUp  SysErr-A   SysErr-B   SysErr-C
5.50  7.266e-06  5.289e-08  5.289e-08  2.180e-07  6.684e-07  9.518e-07
6.50  1.897e-06  2.238e-08  2.238e-08  5.691e-08  1.745e-07  2.485e-07
7.50  5.814e-07  1.077e-08  1.077e-08  1.744e-08  5.349e-08  7.616e-08
8.50  2.132e-07  5.704e-09  5.704e-09  6.396e-09  1.962e-08  2.793e-08
9.50  8.099e-08  3.216e-09  3.216e-09  2.430e-09  7.452e-09  1.061e-08
11.00  2.756e-08  1.082e-09  1.082e-09  8.267e-10  2.535e-09  3.610e-09
13.00  5.862e-09  4.398e-10  4.398e-10  1.759e-10  5.393e-10  7.680e-10
15.00  1.867e-09  2.381e-10  2.381e-10  5.600e-11  1.717e-10  2.445e-10
17.00  6.151e-10  1.183e-10  1.183e-10  1.845e-11  5.659e-11  8.057e-11
19.00  1.374e-10  5.708e-11  1.103e-10  4.121e-12  1.264e-11  1.800e-11
21.00  7.013e-11  5.170e-11  1.236e-10  2.104e-12  6.452e-12  9.187e-12

