$p_T$
1
$\frac{1}{N_{evt}2\pi p_T}\frac{d^2N}{dp_Td\eta}$
0-10% centrality
yes
none
none
2
stat
symmetric
sys
symmetric
0.300 0.400 167.80 0.6 50.0
0.400 0.500 89.280 0.30 25.0
0.500 0.600 53.520 0.19 14.0
0.600 0.700 34.590 0.13 8.00
0.700 0.800 22.640 0.10 5.00
0.800 0.900 15.010 0.07 3.0
0.900 1.000 10.280 0.06 2.0
1.000 1.100 7.18 0.04 1.3
1.100 1.200 5.137 0.035 0.9
1.200 1.300 3.645 0.028 0.7
1.300 1.400 2.584 0.023 0.5
1.400 1.500 1.837 0.018 0.33
1.500 1.600 1.316 0.015 0.24
1.600 1.700 0.963 0.012 0.17
1.700 1.800 0.686 0.010 0.12
1.800 1.900 0.498 0.008 0.09
1.900 2.000 0.348 0.007 0.06
2.000 2.100 0.263 0.006 0.05
2.100 2.200 0.193 0.005 0.035
2.200 2.300 0.133 0.004 0.024
2.300 2.400 0.1004 0.0033 0.018
2.400 2.500 0.0743 0.0028 0.013
2.500 2.600 0.0558 0.0024 0.010
2.600 2.700 0.0449 0.0021 0.008
2.700 2.800 0.0299 0.0017 0.005
2.800 2.900 0.0231 0.0015 0.004
2.900 3.000 0.0181 0.0013 0.0033
3.000 3.200 0.0118 0.0007 0.0021
3.200 3.400 0.0072 0.0006 0.0013
3.400 3.600 0.0046 0.0004 0.0010
3.600 3.800 0.0033 0.0004 0.0009
3.800 4.000 0.00190 0.00031 0.0006
4.000 4.400 0.00102 0.00015 0.00031
4.400 5.000 0.00030 0.00010 9e-050
***
