$p_T$
1
$\frac{1}{N_{evt}2\pi p_T}\frac{d^2N}{dp_Td\eta}$
60-80% centrality
yes
none
none
2
stat
symmetric
sys
symmetric
0.300 0.400 7.14 0.05 1.8
0.400 0.500 3.530 0.030 0.8
0.500 0.600 2.010 0.019 0.4
0.600 0.700 1.241 0.013 0.24
0.700 0.800 0.772 0.009 0.14
0.800 0.900 0.499 0.007 0.08
0.900 1.000 0.332 0.005 0.05
1.000 1.100 0.219 0.004 0.035
1.100 1.200 0.1524 0.0033 0.024
1.200 1.300 0.1081 0.0027 0.017
1.300 1.400 0.0694 0.0020 0.011
1.400 1.500 0.0512 0.0017 0.008
1.500 1.600 0.0324 0.0013 0.005
1.600 1.700 0.0238 0.0011 0.004
1.700 1.800 0.0178 0.0009 0.0029
1.800 1.900 0.0132 0.0007 0.0021
1.900 2.000 0.0117 0.0007 0.0019
2.000 2.100 0.0064 0.0005 0.0010
2.100 2.200 0.0055 0.0004 0.0009
2.200 2.300 0.0037 0.0004 0.0006
2.300 2.400 0.00302 0.00031 0.0005
2.400 2.500 0.00237 0.00027 0.0004
2.500 2.600 0.00191 0.00023 0.00031
2.600 2.700 0.00141 0.00020 0.00023
2.700 2.800 0.00068 0.00014 0.00011
2.800 2.900 0.00089 0.00015 0.00014
2.900 3.000 0.00053 0.00012 9e-050
3.000 3.200 0.00055 8e-050 0.00010
3.200 3.400 0.00023 5e-050 5e-050
3.400 3.600 0.00021 5e-050 5e-050
3.600 3.800 0.000107 3.1e-050 2.6e-050
3.800 4.000 0.000084 3.3e-050 2.2e-050
4.000 4.400 0.000035 1.2e-050 1e-050
4.400 5.000 0.000022 7e-060 6e-060
***
