$p_{T,assoc}$ (GeV/$c$)
4
$dN/dp_T$ Ratio
$dN/dp_T$ Ratio
$dN/dp_T$ Ratio
$dN/dp_T$ Ratio
Near Side CY
Far Side CY
Near Side Jet Width
Far Side Jet Width
yes
none
none
2
stat.
symmetric
sys.
symmetric
0.500 0.700 0.987 0.057
0.700 0.900 1.22 0.033
0.900 1.250 1.11 0.022
1.250 1.750 1.09 0.011
1.750 2.250 1.03 0.012
2.250 2.750 1.06 0.014
2.750 3.500 1.03 0.016
3.500 4.500 1.01 0.015
4.500 5.000 1.01 0.020
***
0.500 0.700 0.987 0.057
0.700 0.900 1.22 0.033
0.900 1.250 1.11 0.022
1.250 1.750 1.09 0.011
1.750 2.250 1.03 0.012
2.250 2.750 1.06 0.014
2.750 3.500 1.03 0.016
3.500 4.500 1.01 0.015
4.500 5.000 1.01 0.020
***
0.500 0.700 0.989 0.042
0.700 0.900 1.02 0.025
0.900 1.250 1.03 0.019
1.250 1.750 1.04 0.011
1.750 2.250 0.987 0.011
2.250 2.750 1.02 0.013
2.750 3.500 1.02 0.014
3.500 4.500 1.01 0.013
4.500 5.000 1.04 0.018
***
0.500 0.700 0.964 0.031
0.700 0.900 0.962 0.021
0.900 1.250 0.984 0.019
1.250 1.750 0.965 0.012
1.750 2.250 0.977 0.014
2.250 2.750 0.970 0.016
2.750 3.500 0.988 0.020
3.500 4.500 0.951 0.018
4.500 5.000 0.986 0.025
***