$p_{T,assoc}$ (GeV/$c$)
8
$1/N_{trig} dN/dp_T (GeV/c)^-1$
$1/N_{trig} dN/dp_T (GeV/c)^-1$
$1/N_{trig} dN/dp_T (GeV/c)^-1$
$1/N_{trig} dN/dp_T (GeV/c)^-1$
$\delta$ (rad)
$\delta$ (rad)
$\delta$ (rad)
$\delta$ (rad)
Near Side Yield
Near Side Yield
Far Side Yield
Far Side Yield
Near Side Jet Width
Near Side Jet Width
Far Side Jet Width
Far Side Jet Width
yes
none
none
2
stat.
symmetric
sys.
symmetric
0.500 0.700 1.49 0.040
0.700 0.900 1.49 0.021
0.900 1.250 1.26 0.012
1.250 1.750 0.840 0.0040
1.750 2.250 0.469 0.0030
2.250 2.750 0.279 0.0020
2.750 3.500 0.178 0.0020
3.500 4.500 0.103 0.0010
4.500 5.000 0.0530 0.0010
***
0.500 0.700 1.47 0.075
0.700 0.900 1.67 0.043
0.900 1.250 1.40 0.024
1.250 1.750 0.918 0.0080
1.750 2.250 0.482 0.0050
2.250 2.750 0.294 0.0030
2.750 3.500 0.183 0.0020
3.500 4.500 0.104 0.0010
4.500 5.000 0.0530 0.0010
***
0.500 0.700 2.37 0.031
0.700 0.900 2.19 0.018
0.900 1.250 1.70 0.011
1.250 1.750 1.08 0.0050
1.750 2.250 0.591 0.0030
2.250 2.750 0.361 0.0020
2.750 3.500 0.241 0.0020
3.500 4.500 0.143 0.0010
4.500 5.000 0.0770 0.0010
***
0.500 0.700 2.33 0.096
0.700 0.900 2.27 0.057
0.900 1.250 1.79 0.035
1.250 1.750 1.13 0.013
1.750 2.250 0.633 0.0080
2.250 2.750 0.386 0.0060
2.750 3.500 0.261 0.0050
3.500 4.500 0.150 0.0020
4.500 5.000 0.0820 0.0020
***
0.500 0.700 0.463 0.010
0.700 0.900 0.408 0.0050
0.900 1.250 0.347 0.0030
1.250 1.750 0.280 0.0010
1.750 2.250 0.216 0.0010
2.250 2.750 0.176 0.0010
2.750 3.500 0.149 0.0010
3.500 4.500 0.122 0.0010
4.500 5.000 0.100 0.0010
***
0.500 0.700 0.458 0.017
0.700 0.900 0.415 0.0090
0.900 1.250 0.356 0.0060
1.250 1.750 0.293 0.0030
1.750 2.250 0.213 0.0020
2.250 2.750 0.179 0.0020
2.750 3.500 0.152 0.0020
3.500 4.500 0.123 0.0010
4.500 5.000 0.105 0.0010
***
0.500 0.700 0.605 0.0060
0.700 0.900 0.546 0.0040
0.900 1.250 0.488 0.0030
1.250 1.750 0.430 0.0020
1.750 2.250 0.367 0.0020
2.250 2.750 0.336 0.0020
2.750 3.500 0.319 0.0020
3.500 4.500 0.291 0.0020
4.500 5.000 0.269 0.0030
***
0.500 0.700 0.583 0.018
0.700 0.900 0.526 0.011
0.900 1.250 0.480 0.0090
1.250 1.750 0.415 0.0050
1.750 2.250 0.358 0.0050
2.250 2.750 0.326 0.0050
2.750 3.500 0.315 0.0060
3.500 4.500 0.277 0.0050
4.500 5.000 0.265 0.0060
***
