$M_{\gamma\gamma}$ (GeV/$c^2$)
1
dN/d$M_{\gamma\gamma}$ $(GeV/c^2)^{-1}$
0
no
none
none
1
stat.
symmetric
0.0433 450 21
0.0478 1350 37
0.0500 900 30
0.0522 450 21
0.0544 900 30
0.0567 900 30
0.0633 1800 42
0.0656 900 30
0.0678 2250 47
0.0700 2250 47
0.0722 2250 47
0.0744 1350 37
0.0767 450 21
0.0789 2250 47
0.0811 1350 37
0.0833 2250 47
0.0856 450 21
0.0878 3150 56
0.0900 1350 37
0.0922 3150 56
0.0944 2700 52
0.0967 4050 64
0.0989 2700 52
0.101 4050 64
0.103 2250 47
0.106 1350 37
0.108 5400 74
0.110 6750 82
0.112 4950 70
0.114 12200 110
0.117 15300 120
0.119 25600 160
0.121 35600 190
0.123 54000 230
0.126 62600 250
0.128 99000 320
0.130 140000 370
0.132 163000 400
0.134 158000 400
0.137 175000 420
0.139 158000 400
0.141 153000 390
0.143 127000 360
0.146 107000 330
0.148 85500 290
0.150 66600 260
0.152 45400 210
0.154 31500 180
0.157 32000 180
0.159 20200 140
0.161 12200 110
0.163 13000 14
0.166 14400 120
0.168 9450 97
0.170 10800 100
0.172 8550 93
0.174 6300 79
0.177 6750 82
0.179 9.900 100
0.181 10400 100
0.183 8550 93
0.186 6300 79
0.188 5400 74
0.190 6300 79
0.192 6750 82
0.194 8550 93
0.197 7200 85
0.199 5400 74
0.201 5850 77
0.203 2700 52
0.206 5850 77
0.208 3600 60
0.210 4950 70
0.212 6300 79
0.214 4500 67
0.217 6300 79
0.219 3600 60
0.221 2250 47
0.223 5850 77
0.226 3600 60
0.228 2700 52
0.230 6750 82
0.232 3150 56
0.234 3600 60
0.237 1800 42
0.239 2700 52
0.241 5400 74
0.243 6300 79
0.246 1800 42
0.248 6750 82
0.250 3150 56
0.252 3600 60
0.254 3600 60
0.257 3150 56
0.259 3600 60
0.261 4050 64
0.263 5400 74
0.266 5850 77
0.268 3600 60
0.270 1800 42
0.272 3150 56
0.274 6300 79
0.277 4050 64
0.279 3150 56
0.281 5400 74
0.283 3150 56
0.286 5400 74
0.288 5400 74
0.290 4050 64
0.292 3600 60
0.294 4500 67
0.297 1800 42
0.299 4500 67
0.301 2700 52
0.303 3600 60
0.306 3150 56
0.308 5400 74
0.310 5400 74
0.312 4950 70
0.314 4950 70
0.317 4500 67
0.319 7200 85
0.321 4950 70
0.323 2700 52
0.326 3600 60
0.328 5850 77
0.330 5400 74
0.332 4950 70
0.334 4050 64
0.337 6750 82
0.339 1800 42
0.341 5400 74
0.343 3600 60
0.346 4050 64
0.348 4500 67
0.350 7200 85
0.352 2250 47
0.354 7650 88
0.357 4500 67
0.359 4050 64
0.361 2700 52
0.363 4950 70
0.366 3600 60
0.368 2700 52
0.370 5400 74
0.372 3600 60
0.374 4950 70
0.377 4950 70
0.379 1800 42
0.381 2700 52
0.383 4950 70
0.386 3600 60
0.388 4950 70
0.390 3150 56
0.392 6300 79
0.394 5400 74
0.397 4050 64
0.399 4500 67
***