pT (GeV/c)
1
y-axis-label-placeholder
60-80%
yes
none
none
3
stat.
symmetric
pT uncorr.
symmetric
pT corr.
symmetric
1 1.5 0.1050 0.0018 0.009 0.004
1.5 2 0.01940 3.2e-4 0.0017 8e-4
2 2.5 0.00436 8e-5 4e-4 1.9e-4
2.5 3 0.001080 3.1e-5 1.0e-4 5e-5
3 3.5 3.40e-4 1.3e-5 3.1e-5 1.6e-5
3.5 4 1.14e-4 5e-6 1.0e-5 6e-6
4 4.5 4.59e-5 2.7e-6 4e-6 2.3e-6
4.5 5 1.63e-5 1.6e-6 1.7e-6 8e-7
5 5.5 8.2e-6 1.0e-6 9e-7 4e-7
5.5 6 4.37e-6 6e-7 5e-7 2.1e-7
6 6.5 2.09e-6 4e-7 3.0e-7 1.1e-7
6.5 7 1.10e-6 2.7e-7 2.0e-7 5e-8
7 7.5 8.5e-7 5e-7 1.0e-7 9e-8
***