pT (GeV/c)
1
y-axis-label-placeholder
60-92%
yes
none
none
3
stat.
symmetric
pT uncorr.
symmetric
pT corr.
symmetric
1 1.5 0.0798 0.0012 0.007 0.0031
1.5 2 0.01460 2.1e-4 0.0013 6e-4
2 2.5 0.00325 6e-5 2.9e-4 1.5e-4
2.5 3 8.16e-4 2.2e-5 7e-5 4e-5
3 3.5 2.52e-4 9e-6 2.3e-5 1.2e-5
3.5 4 8.68e-5 3.2e-6 8e-6 4e-6
4 4.5 3.40e-5 1.8e-6 3.1e-6 1.8e-6
4.5 5 1.27e-5 1.1e-6 1.3e-6 6e-7
5 5.5 6.05e-6 7e-7 7e-7 2.9e-7
5.5 6 3.05e-6 4e-7 4e-7 1.6e-7
6 6.5 1.65e-6 2.7e-7 2.3e-7 9e-8
6.5 7 7.53e-7 1.8e-7 1.3e-7 3.3e-8
7 7.5 2.73e-7 1.0e-7 7e-8 1.7e-8
7.5 8 1.51e-7 8e-8 8e-8 8e-9
***