0.350   167.843506                     0.570400       50.353054  
0.449    89.278999                     0.301831       24.998119  
0.549    53.522999                     0.189191       13.915979  
0.649    34.588451                     0.131447        8.301229  
0.748    22.638350                     0.095576        4.980437  
0.848    15.007650                     0.071694        3.001530  
0.948    10.281750                     0.055314        1.953532  
1.048     7.182900                     0.043612        1.292922  
1.148     5.136600                     0.035074        0.924588  
1.248     3.644985                     0.028036        0.656097  
1.348     2.584260                     0.022695        0.465167  
1.448     1.837295                     0.018314        0.330713  
1.548     1.316425                     0.014963        0.236957  
1.648     0.962880                     0.012416        0.173318  
1.748     0.685545                     0.010049        0.123398  
1.848     0.498361                     0.008375        0.089705  
1.948     0.347938                     0.006824        0.062629  
2.048     0.263022                     0.005735        0.047344  
2.148     0.192562                     0.004808        0.034661  
2.248     0.132820                     0.003905        0.023908  
2.348     0.100387                     0.003298        0.018070  
2.448     0.074312                     0.002809        0.013376  
2.548     0.055778                     0.002412        0.010040  
2.648     0.044873                     0.002111        0.008077  
2.748     0.029933                     0.001740        0.005388  
2.848     0.023083                     0.001491        0.004155  
2.948     0.018141                     0.001307        0.003265  
3.090     0.011795                     0.000747        0.002123  
3.290     0.007233                     0.000573        0.001302  
3.490     0.004621                     0.000449        0.001017  
3.690     0.003279                     0.000376        0.000852  
3.890     0.001903                     0.000310        0.000571  
4.188     0.001018                     0.000145        0.000305  
4.687     0.000302                     0.000099        0.000091  
