0.350     7.140850                       0.052880      1.785213  
0.449     3.529660                       0.029512      0.811822  
0.549     2.009945                       0.018890      0.422088  
0.649     1.241220                       0.013191      0.235832  
0.748     0.771705                       0.009484      0.138907  
0.848     0.498548                       0.007089      0.084753  
0.948     0.331531                       0.005426      0.053045  
1.048     0.219305                       0.004171      0.035089  
1.148     0.152425                       0.003307      0.024388  
1.248     0.108141                       0.002668      0.017303  
1.348     0.069383                       0.002045      0.011101  
1.448     0.051222                       0.001689      0.008196  
1.548     0.032382                       0.001292      0.005181  
1.648     0.023798                       0.001077      0.003808  
1.748     0.017845                       0.000904      0.002855  
1.848     0.013165                       0.000745      0.002106  
1.948     0.011733                       0.000681      0.001877  
2.048     0.006439                       0.000488      0.001030  
2.148     0.005495                       0.000441      0.000879  
2.248     0.003726                       0.000356      0.000596  
2.348     0.003022                       0.000308      0.000484  
2.448     0.002374                       0.000274      0.000380  
2.548     0.001912                       0.000234      0.000306  
2.648     0.001410                       0.000196      0.000226  
2.748     0.000681                       0.000144      0.000109  
2.848     0.000893                       0.000149      0.000143  
2.948     0.000525                       0.000117      0.000089  
3.090     0.000547                       0.000080      0.000098  
3.290     0.000227                       0.000051      0.000045  
3.490     0.000208                       0.000046      0.000046  
3.690     0.000107                       0.000031      0.000026  
3.890     0.000084                       0.000033      0.000022  
4.188     0.000035                       0.000012      0.000010  
4.687     0.000022                       0.000007      0.000006  

