pT (GeV/c)
1
Centrality
0-10%
yes
none
none
2
sys(norm)
symmetric
sys(corr)
symmetric
1.25 1 1.50 0.04 0.04
1.75 1.5 2.00 0.04 0.05
2.25 2 2.50 0.04 0.05
2.75 2.5 3.00 0.04 0.04
3.25 3 3.50 0.04 0.04
3.75 3.5 4.000 0.04 0.034
4.25 4 4.500 0.033 0.033
4.75 4.5 5.00 0.04 0.04
5.25 5 5.500 0.04 0.033
5.75 5.5 6.000 0.031 0.025
6.25 6 6.500 0.04 0.030
6.75 6.5 7.000 0.034 0.021
7.25 7 7.500 0.05 0.029
7.75 7.5 8.00 0.09 0.05
8.25 8 8.500 0.07 0.033
8.75 8.5 9.000 0.08 0.030
9.25 9 9.50 0.12 0.04
***