pT (GeV/c)
1
Centrality
0-92% (min. bias)
yes
none
none
2
sys(norm)
symmetric
sys(corr)
symmetric
1 1.5 0.301 0.031 0.027 0.012
1.5 2 0.0553 0.006 0.005 0.0023
2 2.5 0.0119 0.0012 0.0011 5e-4
2.5 3 0.00297 3.2e-4 2.7e-4 1.3e-4
3 3.5 9.2e-4 1.0e-4 8e-5 4e-5
3.5 4 3.20e-4 3.5e-5 2.9e-5 1.6e-5
4 4.5 1.14e-4 1.3e-5 1.1e-5 6e-6
4.5 5 4.79e-5 5e-6 5e-6 2.4e-6
5 5.5 1.94e-5 2.2e-6 2.1e-6 9e-7
5.5 6 1.09e-5 1.3e-6 1.4e-6 4e-7
6 6.5 4.27e-6 5e-7 6e-7 2.2e-7
6.5 7 2.98e-6 5e-7 8e-7 1.5e-7
7 7.5 8.6e-7 1.4e-7 3.5e-7 4e-8
7.5 8 6.87e-7 1.2e-7 2.9e-7 3.4e-8
***