$p_T$ (GeV/c)
2
$v_2$ {ZDC-SMD}
$v_2$ {BBC}
S-N
S-N
yes
none
none
2
stat.
symmetric
sys.
symmetric
0.247 0.348 0.02532 2.5e-4 0.019
0.348 0.448 0.04002 2.9e-4 0.0035
0.448 0.548 0.05165 3.2e-4 0.0024
0.548 0.648 0.0630 4e-4 0.0021
0.648 0.748 0.0743 4e-4 0.0018
0.748 0.848 0.0838 5e-4 0.0017
0.848 0.948 0.0943 5e-4 0.0018
0.948 1.092 0.1037 6e-4 0.0016
1.092 1.292 0.1162 5e-4 0.0016
1.292 1.492 0.1301 7e-4 0.0017
1.492 1.692 0.1437 9e-4 0.0020
1.692 1.892 0.1576 0.0012 0.0021
1.892 2.2 0.1728 0.0015 0.0024
2.2 2.703 0.1803 0.0015 0.0024
2.703 3.343 0.1898 0.0026 0.0025
3.343 4.381 0.1815 0.004 0.0027
4.381 5.41 0.161 0.010 0.004
5.41 6.852 0.140 0.024 0.006
6.852 7.573 0.123 0.05 0.015
***
0.247 0.348 0.02569 9e-5 0.019
0.348 0.448 0.04271 9e-5 0.004
0.448 0.548 0.05587 1.0e-4 0.0026
0.548 0.648 0.06846 1.1e-4 0.0022
0.648 0.748 0.08009 1.3e-4 0.0019
0.748 0.848 0.09123 1.4e-4 0.0018
0.848 0.948 0.10124 1.6e-4 0.0019
0.948 1.092 0.11159 1.8e-4 0.0015
1.092 1.292 0.12439 1.6e-4 0.0015
1.292 1.492 0.14170 2.0e-4 0.0014
1.492 1.692 0.15770 2.7e-4 0.0018
1.692 1.892 0.1724 4e-4 0.0017
1.892 2.2 0.1848 5e-4 0.0017
2.2 2.703 0.1968 5e-4 0.0016
2.703 3.343 0.2080 9e-4 0.0014
3.343 4.381 0.2057 0.0014 0.0021
4.381 5.41 0.179 0.004 0.004
5.41 6.852 0.149 0.009 0.007
6.852 7.573 0.163 0.018 0.020
***