$p_T$ (GeV/$c$)
3
0-15%
15-30%
30-60%
$v_2$
$v_2$
$v_2$
yes
none
none
2
Statistical Err. 
symmetric
Systematic Err. 
symmetric
0.3470 0.5190 0.0145 6.5000e-3 7.2500e-4
0.5190 0.8300 0.0219 6.3200e-3 1.0950e-3
0.8300 1.2000 0.0344 4.3000e-3 1.7200e-3
1.2000 1.4500 0.0456 5.1500e-3 2.2800e-3
1.4500 1.8400 0.0570 8.0000e-3 2.8500e-3
1.8400 2.0000 0.0669 8.2900e-3 3.3450e-3
***
0.3470 0.4470 0.0374 6.7618e-3 1.8700e-3
0.4470 0.5900 0.0441 3.2821e-3 2.2050e-3
0.5900 0.8300 0.0563 3.6612e-3 2.8150e-3
0.8300 1.2000 0.0827 2.7790e-3 4.1350e-3
1.2000 1.8400 0.1043 3.1381e-3 5.2150e-3
1.8400 2.0000 0.1391 7.6464e-3 6.9550e-3
***
0.3970 0.5190 0.0602 8.7791e-3 3.0100e-3
0.5190 0.7290 0.0809 5.4765e-3 4.0450e-3
0.7290 1.0490 0.1005 2.1654e-3 5.0250e-3
1.0490 1.4500 0.1294 4.5651e-3 6.4700e-3
1.4500 2.0390 0.1564 8.2148e-3 7.8200e-3
2.0390 2.1000 0.2136 2.0400e-2 1.0680e-2
***