Centrality (%)
2
$A_2$
$A_2$
Fixed $p_T$ corr: 0.4 < $p_T$ < 0.6 (GeV/$c$)
Fixed $p_T$ corr: 1.0 < $p_T$ < 2.5 (GeV/$c$)
yes
none
none
2
Statistical Err. 
symmetric
Systematic Err. 
symmetric
7.50000 12.5000 0.1566 0.0808 0.0157
12.5000 17.5000 0.1822 0.0455 0.0182
17.5000 22.5000 0.1830 0.0385 0.0183
22.5000 27.5000 0.2042 0.0250 0.0204
27.5000 32.5000 0.2261 0.0254 0.0226
32.5000 37.5000 0.2222 0.0185 0.0222
37.5000 42.5000 0.1978 0.0191 0.0198
42.5000 47.5000 0.2039 0.0282 0.0204
47.5000 52.5000 0.2034 0.0221 0.0203
52.5000 57.5000 0.2327 0.0379 0.0233
***
7.50000 12.5000 0.6053 0.0731 0.0605
12.5000 17.5000 0.5499 0.0378 0.0550
17.5000 22.5000 0.5538 0.0259 0.0554
22.5000 27.5000 0.5319 0.0212 0.0532
27.5000 32.5000 0.4923 0.0210 0.0492
32.5000 37.5000 0.4737 0.0178 0.0474
37.5000 42.5000 0.4431 0.0179 0.0443
42.5000 47.5000 0.4256 0.0272 0.0426
47.5000 52.5000 0.4202 0.0277 0.0420
52.5000 57.5000 0.4112 0.0337 0.0411
***