$\Delta\phi$
4
funct A
funct B
funct C
funct D
20-25%
40-45%
20-25%
40-45%
yes
none
none 
1
Statistical Err.
symmetric 
5.000000 15.00000 1.0059 5.1055e-4 
15.00000 25.00000 1.0048 5.2640e-4 
25.00000 35.00000 1.0028 5.5800e-4 
35.00000 45.00000 0.9990 6.1198e-4 
45.00000 55.00000 0.9970 7.0265e-4 
55.00000 65.00000 0.9948 8.2771e-4 
65.00000 75.00000 0.9923 9.8468e-4 
75.00000 85.00000 0.9920 1.1831e-3 
85.00000 95.00000 0.9911 1.3685e-3 
95.00000 105.0000 0.9930 1.3983e-3 
105.0000 115.0000 0.9920 1.2598e-3 
115.0000 125.0000 0.9920 1.2598e-3 
125.0000 135.0000 0.9965 8.3851e-4 
135.0000 145.0000 0.9982 7.0406e-4 
145.0000 155.0000 1.0017 6.3092e-4 
155.0000 165.0000 1.0021 5.8682e-4 
165.0000 175.0000 1.0035 5.6163e-4 
175.0000 185.0000 1.0046 5.5209e-4 
***
5.000000 15.00000 1.0089 9.2024e-4
15.00000 25.00000 1.0076 9.6138e-4
25.00000 35.00000 1.0038 1.0236e-3
35.00000 45.00000 1.0010 1.1207e-3
45.00000 55.00000 0.9954 1.2599e-3
55.00000 65.00000 0.9900 1.4887e-3
65.00000 75.00000 0.9842 1.8125e-3
75.00000 85.00000 0.9835 2.2675e-3
85.00000 95.00000 0.9833 2.7707e-3
95.00000 105.0000 0.9864 2.8619e-3
105.0000 115.0000 0.9862 2.4097e-3
115.0000 125.0000 0.9897 1.8953e-3
125.0000 135.0000 0.9937 1.5523e-3
135.0000 145.0000 0.9972 1.3320e-3
145.0000 155.0000 1.0009 1.1783e-3
155.0000 165.0000 1.0034 1.0708e-3
165.0000 175.0000 1.0063 1.0124e-3
175.0000 185.0000 1.0069 9.8404e-4
***
5.000000 15.00000 1.0106 9.7102e-4
15.00000 25.00000 1.0096 1.0011e-3
25.00000 35.00000 1.0037 1.0599e-3
35.00000 45.00000 0.9979 1.1625e-3
45.00000 55.00000 0.9960 1.3348e-3
55.00000 65.00000 0.9904 1.5664e-3
65.00000 75.00000 0.9867 1.8572e-3
75.00000 85.00000 0.9845 2.2142e-3
85.00000 95.00000 0.9861 2.5350e-3
95.00000 105.0000 0.9865 2.5670e-3
105.0000 115.0000 0.9858 2.3022e-3
115.0000 125.0000 0.9909 1.9143e-3
125.0000 135.0000 0.9924 1.5456e-3
135.0000 145.0000 0.9954 1.2984e-3
145.0000 155.0000 1.0012 1.1650e-3
155.0000 165.0000 1.0059 1.0881e-3
165.0000 175.0000 1.0054 1.0408e-3
175.0000 185.0000 1.0093 1.0251e-3
***
5.000000 15.00000 1.0141 1.7652e-3
15.00000 25.00000 1.0162 1.8525e-3
25.00000 35.00000 1.0044 1.9607e-3
35.00000 45.00000 0.9991 2.1458e-3
45.00000 55.00000 0.9921 2.4104e-3
55.00000 65.00000 0.9829 2.8394e-3
65.00000 75.00000 0.9790 3.4527e-3
75.00000 85.00000 0.9751 4.2714e-3
85.00000 95.00000 0.9723 5.1414e-3
95.00000 105.0000 0.9751 5.2524e-3
105.0000 115.0000 0.9777 4.4291e-3
115.0000 125.0000 0.9832 3.5012e-3
125.0000 135.0000 0.9910 2.8821e-3
135.0000 145.0000 0.9941 2.4760e-3
145.0000 155.0000 1.0002 2.1996e-3
155.0000 165.0000 1.0092 2.0079e-3
165.0000 175.0000 1.0074 1.8910e-3
175.0000 185.0000 1.0119 1.8448e-3
***