cent
3
1.0 < $p_T$ < 2.5 (GeV/$c$)
0.6 < $p_T$ < 1.0 (GeV/$c$)
0.4 < $p_T$ < 0.6 (GeV/$c$)
$v_2$
$v_2$
$v_2$
yes
none 
none
2
Statistical Err. 
symmetric
Systematic Err. 
symmetric
07.5000 12.5000 0.0575 6.9153e-3 2.8750e-3
12.5000 17.5000 0.0797 5.4484e-3 3.9850e-3
17.5000 22.5000 0.1047 4.8722e-3 5.2350e-3
22.5000 27.5000 0.1218 4.8198e-3 6.0900e-3
27.5000 32.5000 0.1275 5.4065e-3 6.3750e-3
32.5000 37.5000 0.1374 5.1341e-3 6.8700e-3
37.5000 42.5000 0.1493 5.9723e-3 7.4650e-3
42.5000 47.5000 0.1507 9.5872e-3 7.5350e-3
47.5000 52.5000 0.1555 1.0200e-2 7.7750e-3
52.5000 57.5000 0.1534 1.2500e-2 7.6700e-3
***
07.5000 12.5000 0.0272 5.7102e-3 1.3600e-3
12.5000 17.5000 0.0462 6.1510e-3 2.3100e-3
17.5000 22.5000 0.0641 3.8864e-3 3.2050e-3
22.5000 27.5000 0.0777 3.8720e-3 3.8850e-3
27.5000 32.5000 0.0836 4.7501e-3 4.1800e-3
32.5000 37.5000 0.0987 5.0621e-3 4.9350e-3
37.5000 42.5000 0.1034 5.1387e-3 5.1700e-3
42.5000 47.5000 0.1033 5.7217e-3 5.1650e-3
47.5000 52.5000 0.1049 6.7416e-3 5.2450e-3
52.5000 57.5000 0.1096 9.2842e-3 5.4800e-3
***
07.5000 12.5000 0.0149 7.6729e-3 7.4500e-4
12.5000 17.5000 0.0264 6.5917e-3 1.3200e-3
17.5000 22.5000 0.0346 7.2720e-3 1.7300e-3
22.5000 27.5000 0.0468 5.7315e-3 2.3400e-3
27.5000 32.5000 0.0585 6.5623e-3 2.9250e-3
32.5000 37.5000 0.0645 5.3710e-3 3.2250e-3
37.5000 42.5000 0.0666 6.4124e-3 3.3300e-3
42.5000 47.5000 0.0722 1.0000e-2 3.6100e-3
47.5000 52.5000 0.0753 8.1771e-3 3.7650e-3
52.5000 57.5000 0.0868 1.4100e-2 4.3400e-3
***