Centrality (%)
2
$A_2$
$A_2$
Assorted Corr: 0.4 < $p_T$ < 0.6 (GeV/$c$)
Assorted $p_T$ corr: 1.0 < $p_T$ < 2.5 (GeV/$c$)
yes
none
none
2
Statistical Err. 
symmetric
Systematic Err. 
symmetric
10.0000 20.0000 0.1695 0.0552 0.0170
20.0000 30.0000 0.1884 0.0176 0.0188
30.0000 40.0000 0.2077 0.0149 0.0208
40.0000 50.0000 0.1975 0.0189 0.0198
50.0000 60.0000 0.2036 0.0190 0.0204
60.0000 70.0000 0.2240 0.0397 0.0224
***
10.0000 20.0000 0.5971 0.0654 0.0597
20.0000 30.0000 0.5429 0.0427 0.0543
30.0000 40.0000 0.4682 0.0269 0.0468
40.0000 50.0000 0.4627 0.0337 0.0463
50.0000 60.0000 0.4310 0.0246 0.0431
60.0000 70.0000 0.4300 0.0320 0.0430
***