$p_T$ (GeV/$c$)
1
30-60%
$v_2$
yes
none
none
2
Statistical Err. 
symmetric
5% Systematic Err. 
symmetric
0.3470 0.4690 0.0443 1.9723e-3 2.2150e-3
0.4690 0.6400 0.0668 1.8275e-3 3.3400e-3
0.6400 0.8410 0.0868 5.6985e-3 4.3400e-3
0.8410 1.0620 0.1072 3.9891e-3 5.3600e-3
1.0620 1.3500 0.1218 5.6295e-3 6.0900e-3
1.3500 1.7400 0.1449 5.4176e-3 7.2450e-3
1.7400 2.2150 0.1700 7.6371e-3 8.5000e-3
2.2150 2.9140 0.2180 2.2500e-2 1.0900e-2
2.9140 3.7400 0.2845 3.2000e-2 1.4225e-2
3.7400 4.0000 0.3956 7.5900e-2 1.9780e-2
***