##make bins

$m_{e^+e^-}$ (GeV/$c$)
1
dN/d$m_{e^+e^-}$ ($c^2$/GeV)
$f_{dir}$
Yes
None
None
NO ERROR
NO ERROR
0.1225  0.000343775  
0.1275  0.000305762  
0.1325  0.000294196  
0.1375  0.000281459  
0.1425  0.000269299  
0.1475  0.000258903  
0.1525  0.000249001  
0.1575  0.00024366  
0.1625  0.00023108  
0.1675  0.000226057  
0.1725  0.000216445  
0.1775  0.000213117  
0.1825  0.000212307  
0.1875  0.000196117  
0.1925  0.000187472  
0.1975  0.000183661  
0.2025  0.000178862  
0.2075  0.000175754  
0.2125  0.000171701  
0.2175  0.000166833  
0.2225  0.000159444  
0.2275  0.000159158  
0.2325  0.00015229  
0.2375  0.000149855  
0.2425  0.000150036  
0.2475  0.000138423  
0.2525  0.000146814  
0.2575  0.000136494  
0.2625  0.000135721  
0.2675  0.000128057  
0.2725  0.000131903  
0.2775  0.000130299  
0.2825  0.000126209  
0.2875  0.000124307  
0.2925  0.000117703  
0.2975  0.000117851  
0.3025  0.000112543  
0.3075  0.000112032  
0.3125  0.000108321  
0.3175  0.000108571  
0.3225  0.000104952  
0.3275  0.000107441  
0.3325  0.000106525  
0.3375  9.83596e-05  
0.3425  9.54629e-05  
0.3475  9.88451e-05  
0.3525  0.000100021  
0.3575  9.32368e-05  
0.3625  9.1073e-05  
0.3675  9.17921e-05  
0.3725  8.78135e-05  
0.3775  8.86376e-05  
0.3825  8.4423e-05  
0.3875  8.60205e-05  
0.3925  8.36362e-05  
0.3975  8.40653e-05  
0.4025  8.20026e-05  
0.4075  7.69353e-05  
0.4125  7.7864e-05  
0.4175  8.10238e-05  
0.4225  7.89863e-05  
0.4275  7.51859e-05  
0.4325  7.19433e-05  
0.4375  7.56375e-05  
0.4425  7.12849e-05  
0.4475  7.08625e-05  
0.4525  7.13828e-05  
0.4575  7.44403e-05  
0.4625  7.0563e-05  
0.4675  7.11707e-05  
0.4725  6.88319e-05  
0.4775  6.62067e-05  
0.4825  6.74009e-05  
0.4875  6.29661e-05  
0.4925  6.42714e-05  
0.4975  6.3368e-05  
***