##make bins, find error names

$m_{ee}$ (GeV/$c^2$)
1
dN/d$m_{ee}$ ($c^2$/GeV) IN PHENIX ACCEPTANCE
$0.4 < p_T < 0.6$ GeV/$c$
Yes
None
None
ERROR 1
Symmetric
ERROR 2
Symmetric
0.0025	0.503825	0.00520883	0.0894996
0.0075	0.476128	0.00520272	0.0845794
0.0125	0.234125	0.00402823	0.0415902
0.0175	0.156753	0.0036314	0.0278463
0.0225	0.12626		0.00378794	0.0224306
0.0275	0.0854654	0.00359119	0.0151852
0.0325	0.0822218	0.00358173	0.0146104
0.0375	0.0669613	0.00365598	0.0119019
0.0425	0.056403	0.00385316	0.0100298
0.0475	0.0489527	0.00398152	0.00870996
0.055	0.0320074	0.0024351	0.00570094
0.065	0.0197021	0.00279037	0.0035257
0.075	0.0189115	0.00355113	0.00340543
0.085	0.0115254	0.00349113	0.0020971
0.095	0.0066488	0.00313233	0.00122158
0.12	0.00390809	0.00111762	0.000772526
0.16	0.00293331	0.00113622	0.000635179
0.2175	0.00320864	0.000793453	0.000828751
0.33	0.00529978	0.000714322	0.00149333
0.48	0.00132643	upper limit
0.63	0.00141195	0.000462631	0.000841698
0.7325	0.000752759	0.000486353	0.000323849
0.78	0.00107921	0.000472057	0.000297687
0.9	0.000467637	upper limit
1.025	0.000370879	0.000206825	8.8525e-005
1.125	0.00022051	upper limit
1.275	0.00012092	6.5823e-005	2.53925e-005
1.425	0.00012338	upper limit	
1.575	8.71437e-005	upper limit
1.725	4.38291e-005	2.318e-005	6.38147e-006
2.325	1.28967e-005	upper limit
2.475	4.86928e-006	3.46034e-006	6.54475e-007
***