##make bins

$m_{e^+e^-}$ (GeV/$c$)
1
dN/d$m_{e^+e^-}$ ($c^2$/GeV)
$f_{dir}$
Yes
None
None
NO ERROR
NO ERROR
0.0025  0.0357794  
0.0075  0.0363018  
0.0125  0.0187245  
0.0175  0.0104375  
0.0225  0.007226  
0.0275  0.00558059  
0.0325  0.00459799  
0.0375  0.00389365  
0.0425  0.00343625  
0.0475  0.00303391  
0.0525  0.00271709  
0.0575  0.00242002  
0.0625  0.00223417  
0.0675  0.00203471  
0.0725  0.00192572  
0.0775  0.00174489  
0.0825  0.0016967  
0.0875  0.00153852  
0.0925  0.00146081  
0.0975  0.00136783  
0.1025  0.0012848  
0.1075  0.00126536  
0.1125  0.00123395  
0.1175  0.00107911  
0.1225  0.00108701  
0.1275  0.00102254  
0.1325  0.000998355  
0.1375  0.000960804  
0.1425  0.00091281  
0.1475  0.000877231  
0.1525  0.000848023  
0.1575  0.000818201  
0.1625  0.000786238  
0.1675  0.000772764  
0.1725  0.000731628  
0.1775  0.000734406  
0.1825  0.000735801  
0.1875  0.000666876  
0.1925  0.000639591  
0.1975  0.000633689  
0.2025  0.000618099  
0.2075  0.000593136  
0.2125  0.000582551  
0.2175  0.000570463  
0.2225  0.000543  
0.2275  0.000554703  
0.2325  0.000530181  
0.2375  0.00051897  
0.2425  0.00052873  
0.2475  0.000484286  
0.2525  0.000512349  
0.2575  0.000468165  
0.2625  0.00048748  
0.2675  0.000444496  
0.2725  0.000463459  
0.2775  0.000449215  
0.2825  0.000440408  
0.2875  0.000439369  
0.2925  0.00041105  
0.2975  0.00041906  
0.3025  0.000392413  
0.3075  0.000398966  
0.3125  0.000387643  
0.3175  0.000387295  
0.3225  0.000376135  
0.3275  0.000388117  
0.3325  0.000392661  
0.3375  0.000352539  
0.3425  0.000349559  
0.3475  0.000359165  
0.3525  0.000365435  
0.3575  0.000342201  
0.3625  0.000338289  
0.3675  0.00034091  
0.3725  0.000322401  
0.3775  0.000331397  
0.3825  0.000315359  
0.3875  0.000320036  
0.3925  0.000315354  
0.3975  0.000320575  
0.4025  0.000311156  
0.4075  0.000298287  
0.4125  0.000297261  
0.4175  0.000318604  
0.4225  0.000307956  
0.4275  0.000294593  
0.4325  0.000280658  
0.4375  0.000304611  
0.4425  0.000283051  
0.4475  0.000286982  
0.4525  0.000287597  
0.4575  0.000304099  
0.4625  0.000284792  
0.4675  0.0002921  
0.4725  0.000284347  
0.4775  0.000268739  
0.4825  0.000277643  
0.4875  0.000258328  
0.4925  0.000265814  
0.4975  0.000260345  
***