##make bins

$m_{ee}$ (GeV/$c^2$)
1
dN/d$m_{ee}$ ($c^2$/GeV)
2.0-2.5 GeV/$c$
Yes
None
None
Stat.
Symmetric
Sys.
Symmetric
0.0025	2.80168e-005	4.77201e-007	5.67332e-006
0.0075	3.31534e-005	5.22839e-007	6.71345e-006
0.0125	1.7722e-005	3.8167e-007	3.58864e-006
0.0175	1.10041e-005	3.01178e-007	2.2283e-006
0.0225	7.56977e-006	2.47014e-007	1.53285e-006
0.0275	5.28974e-006	2.09026e-007	1.07116e-006
0.0325	4.67255e-006	1.91343e-007	9.46178e-007
0.0375	3.67427e-006	1.69153e-007	7.44028e-007
0.0425	3.00068e-006	1.52959e-007	6.07629e-007
0.0475	2.25513e-006	1.34015e-007	4.56657e-007
0.055	2.07148e-006	9.06509e-008	4.19468e-007
0.065	1.3046e-006	7.26749e-008	2.64179e-007
0.075	1.0328e-006	6.37332e-008	2.0914e-007
0.085	8.02965e-007	5.66172e-008	1.62601e-007
0.095	6.49258e-007	5.23838e-008	1.3148e-007
0.105	4.03743e-007	4.29618e-008	8.17807e-008
0.115	2.5756e-007	3.51812e-008	5.21902e-008
0.125	2.41953e-007	3.25194e-008	4.90001e-008
0.135	2.04913e-007	2.88655e-008	4.1495e-008
0.145	1.79934e-007	2.71657e-008	3.64389e-008
0.1625	1.59493e-007	1.6425e-008	3.23011e-008
0.1875	1.32388e-007	1.50006e-008	2.68106e-008
0.2125	1.02083e-007	1.33332e-008	2.06766e-008
0.2375	6.45154e-008	1.08469e-008	1.30731e-008
0.2625	8.26985e-008	1.20456e-008	1.67496e-008
0.2875	6.05651e-008	1.05915e-008	1.22723e-008
0.3225	5.15799e-008	7.49428e-009	1.04559e-008
0.3675	4.35232e-008	7.12264e-009	8.82869e-009
0.4125	3.67636e-008	6.49327e-009	7.46219e-009
0.4575	2.32033e-008	5.54506e-009	4.72122e-009
0.5025	2.89325e-008	6.00579e-009	5.87651e-009
0.5475	1.42603e-008	4.96883e-009	2.93187e-009
0.5925	1.34905e-008	4.67571e-009	2.76631e-009
0.6375	2.067e-008	5.08397e-009	4.19991e-009
0.6825	1.5344e-008	4.63697e-009	3.12976e-009
0.7275	2.86088e-008	5.65821e-009	5.80257e-009
0.755	2.1616e-008	1.01821e-008	4.38607e-009
0.765	5.56548e-008	1.62344e-008	1.12776e-008
0.775	7.24515e-008	1.86464e-008	1.46758e-008
0.785	9.15213e-008	2.01214e-008	1.85352e-008
0.795	5.20276e-008	1.46954e-008	1.05393e-008
0.805	4.49087e-008	1.39855e-008	9.09662e-009
0.815	1.78441e-008	1.04649e-008	3.63371e-009
0.86	5.13263e-009	2.36798e-009	1.06816e-009
0.94	1.04148e-008	2.64162e-009	2.11853e-009
0.985	6.98371e-009	upper limit
0.995	1.62187e-008	8.00225e-009	3.2874e-009
1.005	2.33153e-008	9.49368e-009	4.72371e-009
1.015	4.12603e-008	1.23502e-008	8.35687e-009
1.025	3.50096e-008	1.17811e-008	7.09108e-009
1.035	3.04472e-008	1.10237e-008	6.16839e-009
1.045	8.9503e-009	upper limit
1.075	4.75751e-009	upper limit
1.125	4.69881e-009	upper limit
1.175	3.83864e-009	2.33007e-009	8.56281e-010
1.225	1.98976e-009	1.97936e-009	4.43491e-010
***