##make bins

$m_{e^+e^-}$ (GeV/$c$)
1
dN/d$m_{e^+e^-}$ ($c^2$/GeV)
cocktail
Yes
None
None
NO ERROR
NO ERROR
0.0025  0.0356607  
0.0075  0.0366213  
0.0125  0.0188109  
0.0175  0.0104851  
0.0225  0.00702391  
0.0275  0.00544785  
0.0325  0.00436812  
0.0375  0.00364007  
0.0425  0.00311144  
0.0475  0.00260311  
0.0525  0.00224021  
0.0575  0.001966  
0.0625  0.00170219  
0.0675  0.00144701  
0.0725  0.00126875  
0.0775  0.00107705  
0.0825  0.000910668  
0.0875  0.000781841  
0.0925  0.000651076  
0.0975  0.000550025  
0.1025  0.000437047  
0.1075  0.000353016  
0.1125  0.000282158  
0.1175  0.000212827  
0.1225  0.000170398  
0.1275  0.000138556  
0.1325  0.000129934  
0.1375  0.000122986  
0.1425  0.000119185  
0.1475  0.000114664  
0.1525  0.000109266  
0.1575  0.000109635  
0.1625  0.000101577  
0.1675  9.85248e-05  
0.1725  9.62666e-05  
0.1775  9.15147e-05  
0.1825  9.019e-05  
0.1875  8.63021e-05  
0.1925  8.20046e-05  
0.1975  7.86822e-05  
0.2025  7.63997e-05  
0.2075  7.83907e-05  
0.2125  7.58609e-05  
0.2175  7.26774e-05  
0.2225  6.9971e-05  
0.2275  6.68884e-05  
0.2325  6.41377e-05  
0.2375  6.3751e-05  
0.2425  6.16967e-05  
0.2475  5.77429e-05  
0.2525  6.15442e-05  
0.2575  5.91246e-05  
0.2625  5.36648e-05  
0.2675  5.42398e-05  
0.2725  5.45599e-05  
0.2775  5.59046e-05  
0.2825  5.2915e-05  
0.2875  5.08112e-05  
0.2925  4.92732e-05  
0.2975  4.75864e-05  
0.3025  4.7257e-05  
0.3075  4.50985e-05  
0.3125  4.31623e-05  
0.3175  4.35516e-05  
0.3225  4.1692e-05  
0.3275  4.19669e-05  
0.3325  3.97774e-05  
0.3375  3.90664e-05  
0.3425  3.61891e-05  
0.3475  3.81196e-05  
0.3525  3.81074e-05  
0.3575  3.51603e-05  
0.3625  3.34042e-05  
0.3675  3.36796e-05  
0.3725  3.30906e-05  
0.3775  3.20084e-05  
0.3825  3.05518e-05  
0.3875  3.1431e-05  
0.3925  2.95827e-05  
0.3975  2.8894e-05  
0.4025  2.85473e-05  
0.4075  2.52999e-05  
0.4125  2.66845e-05  
0.4175  2.56029e-05  
0.4225  2.55739e-05  
0.4275  2.40041e-05  
0.4325  2.32558e-05  
0.4375  2.22241e-05  
0.4425  2.18856e-05  
0.4475  2.04476e-05  
0.4525  2.09457e-05  
0.4575  2.08672e-05  
0.4625  2.05892e-05  
0.4675  1.9634e-05  
0.4725  1.85581e-05  
0.4775  1.89613e-05  
0.4825  1.83571e-05  
0.4875  1.73936e-05  
0.4925  1.72568e-05  
0.4975  1.74185e-05  
***