##Find data for Au+Au MB and p+p; split into a1-a7, make bins

$m_{ee}$ (GeV/$c^2$)
7
dN/d$m_{ee}$ ($c^2$/GeV)
dN/d$m_{ee}$ ($c^2$/GeV)
dN/d$m_{ee}$ ($c^2$/GeV)
dN/d$m_{ee}$ ($c^2$/GeV)
dN/d$m_{ee}$ ($c^2$/GeV)
dN/d$m_{ee}$ ($c^2$/GeV)
dN/d$m_{ee}$ ($c^2$/GeV)
00-10%
10-20%
20-40%
40-60%
60-92%
MB
$p$+$p$
Yes
None
None
2
Stat.
Symmetric
Sys.
Symmetric
0.0025 145.978 1.18668 21.8966
0.0075 137.771 1.17326 20.6657
0.0125 71.738 0.888189 10.7607
0.0175 47.2193 0.772259 7.0829
0.0225 31.9247 0.700209 4.78871
0.0275 23.0499 0.641858 3.45749
0.0325 22.4365 0.670367 3.3655
0.0375 17.8319 0.663236 2.67481
0.0425 13.0919 0.651872 1.96383
0.0475 12.1357 0.667031 1.82041
0.0525 10.3259 0.663683 1.54895
0.0575 8.17937 0.666417 1.22701
0.0625 6.35799 0.675689 0.953857
0.0675 6.4867 0.688825 0.973176
0.0725 6.00717 0.702903 0.901283
0.0775 4.46887 0.70912 0.670633
0.085 3.95902 0.513465 0.594236
0.095 2.46073 0.53002 0.369842
0.105 1.9129 0.547763 0.288022
0.115 2.24102 0.56663 0.337244
0.125 2.49209 0.586932 0.374934
0.14 2.66967 0.434056 0.401682
0.1625 1.58755 0.414358 0.240713
0.1875 1.0673 0.443464 0.164925
0.225 1.88509 0.357481 0.286677
0.28 2.90958 0.395652 0.440589
0.37 2.63094 0.371171 0.405799
0.49 3.76946 0.43505 0.579202
0.575 1.85444 0.582906 0.295206
0.625 1.24121 0.466648 0.204226
0.675 1.09318 0.401304 0.177798
0.73 0.618307 0.313204 0.107494
0.78 1.12478 0.335545 0.17429
0.9 0.256454 0.112141 0.0469086
1.025 0.352926 0.162986 0.0551366
1.275 0.0819717 upper limit
1.75  0.0214564 upper limit
2.25 0.0124875 upper limit
2.7 0.004972 upper limit
2.925 0.0100806 upper limit
2.975 0.00819587 0.00468067 0.00123063
3.025 0.0078752 0.0044922 0.00118239
3.075 0.0163053 0.00483293 0.00244619
3.125 0.030593 0.00554987 0.0045891
3.175 0.00887462 0.0037803 0.00133151
3.225 0.0051454 0.0032594 0.000772262
3.275 0.00426624 upper limit
3.425 0.00137455 upper limit
3.7   0.00172363 upper limit
4.175 0.000417671 upper limit
***
0.0025 7.07884 0.06002 1.06183
0.0075 6.52814 0.0580973 0.979221
0.0125 3.31329 0.0423819 0.496993
0.0175 2.16819 0.0356029 0.325228
0.0225 1.50318 0.0311971 0.225476
0.0275 0.997138 0.0267147 0.149571
0.0325 1.00846 0.0276776 0.15127
0.0375 0.818312 0.0268713 0.122747
0.0425 0.646405 0.0258769 0.0969612
0.0475 0.540943 0.0254265 0.0811421
0.0525 0.459497 0.0248074 0.0689253
0.0575 0.401549 0.0249707 0.0602335
0.0625 0.363978 0.0251267 0.054598
0.0675 0.290391 0.0248259 0.0435603
0.0725 0.267431 0.0250718 0.0401167
0.0775 0.243744 0.0254122 0.0365641
0.0825 0.179231 0.0253944 0.0268885
0.0875 0.194804 0.0260058 0.0292243
0.095 0.0990414 0.0182549 0.0148645
0.105 0.0890423 0.0188674 0.0133671
0.115 0.0781475 0.0192526 0.0117362
0.125 0.0729055 0.0199481 0.0109532
0.135 0.0692585 0.0204211 0.0104089
0.145 0.0534971 0.0209095 0.00805389
0.1625 0.0717661 0.014085 0.0107908
0.1875 0.0579674 0.0150228 0.0087356
0.225 0.049632 0.0120485 0.00751157
0.28 0.0325395 0.0132324 0.00504443
0.37 0.0361946 0.0124403 0.00578428
0.49 0.0385678 0.0146078 0.00637247
0.655 0.0311578 0.00748202 0.00494827
0.78 0.0305487 upper limit
0.9 0.0072335 0.0038391 0.0012353
1.025 0.00672105 0.00561392 0.00106522
1.275 0.00274816 0.00119275 0.000824291
1.75 0.00103346 0.000432632 0.000190613
2.25 0.000369401 upper limit
2.7  0.000183351 upper limit
2.95 0.000205414 0.000128822 3.08568e-005
3.025 0.000638169 0.000208282 9.57357e-005
3.075 0.00115603 0.00024407 0.000173409
3.125 0.00131607 0.000250526 0.000197414
3.175 0.000329172 upper limit
3.225 0.000193724 upper limit
3.275 0.000278835 upper limit
3.425 9.51231e-005 upper limit
3.7   4.32323e-005 3.1058e-005 6.48816e-006
4.175 1.25116e-005 upper limit
***
0.0025 0.154123 0.00111209 0.0231184
0.0075 0.137024 0.00105243 0.0205535
0.0125 0.0710586 0.000765395 0.0106588
0.0175 0.0436439 0.000611511 0.00654659
0.0225 0.0315149 0.000531769 0.00472724
0.0275 0.0215955 0.000446257 0.00323933
0.0325 0.0201598 0.000442431 0.00302397
0.0375 0.0157756 0.000408354 0.00236634
0.0425 0.0129917 0.000389743 0.00194876
0.0475 0.0116042 0.000382331 0.00174063
0.0525 0.00932096 0.000358355 0.00139815
0.0575 0.00767027 0.000346765 0.00115054
0.0625 0.00699057 0.000346027 0.00104859
0.0675 0.00600149 0.000340035 0.000900231
0.0725 0.00529345 0.00033626 0.000794027
0.0775 0.00444807 0.000334459 0.000667223
0.0825 0.00330988 0.000326902 0.000496499
0.0875 0.00305292 0.000331023 0.000457959
0.0925 0.00260225 0.000328897 0.000390363
0.0975 0.00210019 0.00033102 0.000315062
0.1025 0.00195674 0.000335153 0.000293551
0.1075 0.00141849 0.000336713 0.000212835
0.115 0.00147836 0.000238174 0.000221816
0.125 0.00116033 0.000245107 0.000174142
0.135 0.00114382 0.000250041 0.000171676
0.145 0.00103853 0.00025431 0.000155904
0.1625 0.0009224 0.00017017 0.000138526
0.1875 0.00061565 0.000180507 9.26608e-005
0.225 0.000585165 0.000144466 8.8238e-005
0.375 0.000417931 0.000103581 6.53665e-005
0.63 0.000104801 8.86743e-005 2.25773e-005
0.78 0.000245847 0.00013718 3.78787e-005
0.9 7.86813e-005 4.62483e-005 1.29802e-005
1.025 0.000292901 6.90241e-005 4.405e-005
1.15 5.13396e-005 2.67642e-005 1.25574e-005
1.375 2.55201e-005 1.50602e-005 5.60191e-006
1.75 5.98972e-006 5.34782e-006 1.40415e-006
2.25 7.39166e-006 2.22262e-006 1.12329e-006
2.7 2.88349e-006 1.21571e-006 4.34493e-007
2.925 5.98429e-006 2.89457e-006 8.97865e-007
2.975 7.8911e-006 2.98174e-006 1.18381e-006
3.025 9.23633e-006 2.99342e-006 1.38554e-006
3.0625 2.40102e-005 5.58356e-006 3.60155e-006
3.1 3.767e-005 4.83992e-006 5.65051e-006
3.1375 3.06357e-005 6.25051e-006 4.59537e-006
3.1625 1.13975e-005 4.18309e-006 1.70966e-006
3.2 2.12271e-006 1.77972e-006 3.18514e-007
3.2375 2.34769e-006 upper limit
3.4 6.72602e-007 5.19824e-007 1.01033e-007
3.7 6.4805e-007 upper limit
4.175 1.60142e-007 1.06563e-007 9.17615e-008
***
0.0025 0.0060355 6.67332e-005 0.000905325
0.0075 0.00539535 6.31867e-005 0.000809302
0.0125 0.0027101 4.49411e-005 0.000406515
0.0175 0.0016743 3.56056e-005 0.000251144
0.0225 0.00122223 3.06702e-005 0.000183335
0.0275 0.000803029 2.46197e-005 0.000120454
0.0325 0.000800712 2.47578e-005 0.000120107
0.0375 0.000625725 2.23306e-005 9.38588e-005
0.0425 0.000547598 2.11646e-005 8.21396e-005
0.0475 0.000430728 1.92944e-005 6.46092e-005
0.0525 0.000344581 1.7675e-005 5.16871e-005
0.0575 0.000324071 1.75071e-005 4.86107e-005
0.0625 0.000255632 1.62023e-005 3.83448e-005
0.0675 0.0002053 1.52982e-005 3.0795e-005
0.0725 0.000177817 1.47929e-005 2.66726e-005
0.0775 0.00018858 1.5197e-005 2.82871e-005
0.0825 0.000133583 1.40707e-005 2.00375e-005
0.0875 9.82733e-005 1.32244e-005 1.47411e-005
0.0925 7.95426e-005 1.32295e-005 1.19315e-005
0.0975 6.81203e-005 1.29194e-005 1.02182e-005
0.1025 6.60539e-005 1.30948e-005 9.90828e-006
0.1075 3.94006e-005 1.23192e-005 5.91042e-006
0.115 6.00773e-005 9.11868e-006 9.01185e-006
0.125 5.84206e-005 9.25771e-006 8.76338e-006
0.135 4.52382e-005 9.20712e-006 6.78615e-006
0.145 3.72396e-005 9.22526e-006 5.58651e-006
0.1625 2.8573e-005 6.04081e-006 4.28681e-006
0.1875 2.64901e-005 6.39763e-006 3.97467e-006
0.225 2.13182e-005 5.00814e-006 3.19972e-006
0.375 7.1699e-006 3.53988e-006 1.10045e-006
0.63  5.12351e-006 upper limit
0.78 1.16793e-005 4.71304e-006 1.75515e-006
0.9 3.37912e-006 1.56531e-006 5.11125e-007
1.025 1.11073e-005 2.41597e-006 1.66654e-006
1.15 2.60007e-006 9.10962e-007 4.0801e-007
1.375 1.03726e-006 5.13491e-007 1.63341e-007
1.75 5.19755e-007 1.87703e-007 7.9106e-008
2.25 1.88651e-007 upper limit
2.7 1.84759e-007 5.21598e-008 2.7719e-008
2.925 1.69092e-007 upper limit
3 1.88805e-007 8.34984e-008 2.83215e-008
3.0625 1.12729e-006 3.53696e-007 1.69094e-007
3.0875 1.35071e-006 3.71339e-007 2.02607e-007
3.1125 1.20297e-006 3.58471e-007 1.80446e-007
3.1375 1.2142e-006 3.54458e-007 1.8213e-007
3.1875 1.13984e-007 7.57506e-008 1.70982e-008
3.2375 2.87905e-007 upper limit
3.4  5.38404e-008 upper limit
3.7 2.10495e-008 1.69212e-008 3.15757e-009
4.175 5.19422e-009 4.36867e-009 1.0777e-009
***
0.0025 0.000116275 2.23726e-006 1.74413e-005
0.0075 0.000103719 2.11352e-006 1.55579e-005
0.0125 5.01874e-005 1.47267e-006 7.52811e-006
0.0175 3.33336e-005 1.20308e-006 5.00003e-006
0.0225 2.16847e-005 9.75785e-007 3.2527e-006
0.0275 1.54193e-005 8.05721e-007 2.31289e-006
0.0325 1.46434e-005 7.91687e-007 2.19651e-006
0.0375 1.3301e-005 7.56685e-007 1.99515e-006
0.0425 9.8623e-006 6.5773e-007 1.47934e-006
0.0475 8.49708e-006 6.15527e-007 1.27456e-006
0.0525 5.87659e-006 5.17421e-007 8.81488e-007
0.0575 5.84519e-006 5.19312e-007 8.76778e-007
0.0625 3.43545e-006 4.2841e-007 5.15318e-007
0.0675 4.167e-006 4.54823e-007 6.25051e-007
0.0725 3.58382e-006 4.40406e-007 5.37573e-007
0.0775 2.62466e-006 3.8215e-007 3.93699e-007
0.0825 2.4573e-006 3.83108e-007 3.68595e-007
0.0875 2.43254e-006 3.87369e-007 3.64881e-007
0.0925 1.39082e-006 3.42e-007 2.08624e-007
0.0975 8.90071e-007 3.11246e-007 1.33511e-007
0.11 1.1222e-006 1.61083e-007 1.6833e-007
0.13 6.9891e-007 1.46606e-007 1.04838e-007
0.15 4.71714e-007 1.40379e-007 7.0759e-008
0.18 3.68311e-007 1.05038e-007 5.52501e-008
0.275 3.25375e-007 7.14921e-008 4.88155e-008
0.425 2.03149e-007 1.04476e-007 3.05311e-008
0.63 8.12794e-008 6.12621e-008 1.22647e-008
0.78 3.00788e-007 9.88693e-008 4.51233e-008
0.9 5.58024e-008 3.08206e-008 8.38009e-009
1.025 1.687e-007 4.99874e-008 2.5306e-008
1.275 3.26965e-008 9.88684e-009 4.92834e-009
1.75 8.82513e-009 3.76203e-009 1.32597e-009
2.25 1.60723e-009 1.51386e-009 2.41436e-010
2.7 2.6333e-009 upper limit
2.925 0 0 0
2.975 6.03459e-009 4.628e-009 9.05189e-010
3.025 1.44305e-008 6.91259e-009 2.16457e-009
3.075 1.98565e-008 7.88031e-009 2.97847e-009
3.125 2.08939e-008 7.91298e-009 3.13409e-009
3.175 1.07657e-008 5.93621e-009 1.61486e-009
3.225 0 0 0
3.275 0 0 0
3.425 1.40198e-009 upper limit
3.7 9.86118e-010 6.97589e-010 1.47918e-010
4.175 0 0 0
***
