##make bins, find error name

$m_{e^+e^-}$ (GeV/$c$)
1
dN/d$m_{e^+e^-}$ ($c^2$/GeV)
Data
Yes
None
None
ERROR NAME
Symmetric
0.0025  0.0389697  0.000246343  
0.0075  0.0340915  0.000231889  
0.0125  0.0172738  0.000165908  
0.0175  0.0108311  0.000132137  
0.0225  0.00730761  0.000109653  
0.0275  0.00557607  9.98259e-05  
0.0325  0.00479897  9.08969e-05  
0.0375  0.00381385  8.19962e-05  
0.0425  0.00297529  7.56583e-05  
0.0475  0.00259204  7.32248e-05  
0.055  0.00204056  4.87316e-05  
0.065  0.00156632  4.64413e-05  
0.075  0.00107136  4.35173e-05  
0.085  0.000878436  4.54005e-05  
0.095  0.000563337  4.35655e-05  
0.105  0.000409595  4.47091e-05  
0.115  0.000403578  4.90504e-05  
0.125  0.000353692  4.8125e-05  
0.135  0.000269808  4.50658e-05  
0.15  0.000217076  3.37777e-05  
0.17  0.000172503  3.56989e-05  
0.19  0.000227445  3.90503e-05  
0.225  0.000130534  2.62193e-05  
0.275  0.00020401  2.88683e-05  
0.325  0.000131781  3.04853e-05  
0.375  7.88609e-05  3.3837e-05  
0.45  6.36716e-05  2.36821e-05  
***