##make bins, find error name

$m_{ee}$ (GeV/$c^2$)
5
R (R=data - cocktail/$f_{dir}(m)$)
R (R=data - cocktail/$f_{dir}(m)$)
R (R=data - cocktail/$f_{dir}(m)$)
R (R=data - cocktail/$f_{dir}(m)$)
R (R=data - cocktail/$f_{dir}(m)$)
1.0-1.5 GeV/$c$
1.5-2.0 GeV/$c$
2.0-2.5 GeV/$c$
2.5-3.0 GeV/$c$
3.0-4.0 GeV/$c$
Yes
None
None
ERROR NAME
Symmetric
0.105	0.0654669	0.0350637
0.115	0.172291	0.0424116
0.125	0.214417	0.0456257
0.135	0.168856	0.0460052
0.150	0.143083	0.0390915
0.170	0.122245	0.0472045
0.190	0.235961	0.0583721
0.225	0.133553	0.0474632
0.275	0.351618	0.063656
0.325	0.257492	0.0805533
0.375	0.156872	0.102166
0.450	0.158758	0.0821301
0.550	0.0385717	0.08909
0.650	0.077118	0.0884513
0.750	-0.0378872	0.0801212
***
0.105	0.0851576	0.0405571
0.115	0.145146	0.0432663
0.125	0.135236	0.0452434
0.135	0.187151	0.0518973
0.150	0.202031	0.0415482
0.170	0.109026	0.0471896
0.190	0.218004	0.0593053
0.225	0.133137	0.0462422
0.275	0.102314	0.0605611
0.325	0.179584	0.0817024
0.375	0.138633	0.0983617
0.450	0.206487	0.0875936
0.550	-0.170452	0.105814
0.650	0.154761	0.116131
0.750	0.152332	0.117412
***
0.105	-0.0118984	0.055425
0.115	0.0902053	0.0608264
0.125	0.193585	0.0658462
0.135	0.159133	0.0683212
0.150	0.053855	0.0516291
0.170	0.0750323	0.0635521
0.190	0.210751	0.0771577
0.225	0.171782	0.058282
0.275	0.174278	0.0762894
0.325	0.0988392	0.0921166
0.375	0.27378		0.118541
0.450	0.194834	0.0989439
0.550	-0.047304	0.123371
0.650	-0.150936	0.136274
0.750	0.149756	0.144833
***
0.105	-0.0223595	0.0790005
0.115	0.0395201	0.0845687
0.125	0.114181	0.093325
0.135	0.0868875	0.0925743
0.150	0.131287	0.0742032
0.170	0.0883867	0.0848298
0.190	0.254991	0.109419
0.225	0.239939	0.0806725
0.275	0.179816	0.105604
0.325	0.137343	0.125099
0.375	-0.096318	0.139795
0.450	0.0597698	0.127378
0.550	0.0109248	0.15961
0.650	-0.0260701	0.16868
0.750	-0.0877207	0.193401  
***
0.105	0.0988164	0.106809
0.115	0.198016	0.11872
0.125	0.357166	0.130097
0.135	0.211071	0.12313
0.150	0.29115		0.101614
0.170	0.26961		0.116242
0.190	0.22066		0.116484
0.225	0.135563	0.0840276
0.275	0.13372		0.108902
0.325	0.184124	0.135926
0.375	0.103048	0.158174
0.450	0.17599		0.13043
0.550	0.300348	0.150338
0.650	0.198139	0.16126
0.750	0.27809		0.170964 
***