##make bins, find error names

$m_{ee}$ (GeV/$c^2$)
1
dN/d$m_{ee}$ ($c^2$/GeV) IN PHENIX ACCEPTANCE
$0.8 < p_T < 1.0$ GeV/$c$
Yes
None
None
ERROR 1
Symmetric
ERROR 2
Symmetric
0.0025	0.00124928	1.2943e-005	0.000221923
0.0075	0.000965585	1.15075e-005	0.000171527
0.0125	0.000468154	8.13069e-006	8.31628e-005
0.0175	0.000307312	6.86837e-006	5.4591e-005
0.0225	0.000216161	5.9709e-006	3.8399e-005
0.0275	0.000151826	5.12052e-006	2.69706e-005
0.0325	0.000151698	5.19022e-006	2.6948e-005
0.0375	0.000126028	5.12405e-006	2.23881e-005
0.0425	9.66835e-005	4.6968e-006	1.71755e-005
0.0475	9.00022e-005	4.80628e-006	1.59889e-005
0.055	6.91748e-005	3.29239e-006	1.22897e-005
0.065	5.68049e-005	3.37513e-006	1.00931e-005
0.075	4.58863e-005	3.61516e-006	8.15578e-006
0.085	2.85388e-005	3.53019e-006	5.07676e-006
0.095	1.56836e-005	3.84703e-006	2.79477e-006
0.105	2.37403e-005	4.46322e-006	4.23415e-006
0.115	1.41579e-005	5.03234e-006	2.54225e-006
0.125	6.97751e-006	4.79008e-006	1.29456e-006
0.1425	1.07023e-005	3.12025e-006	1.9915e-006
0.1675	1.45249e-005	3.76186e-006	2.7048e-006
0.2175	1.44113e-005	2.75078e-006	2.83629e-006
0.2925	9.73581e-006	3.53633e-006	2.21646e-006
0.3675	1.08363e-005	3.82028e-006	2.53702e-006
0.455	3.23566e-006	3.21648e-006	1.69622e-006
0.655	3.36919e-006	2.56684e-006	1.61842e-006
0.78	4.00297e-006	3.16796e-006	1.18794e-006
0.9	2.67045e-006	upper limit
1.025	3.87114e-006	1.55578e-006	7.6324e-007
1.125	1.11248e-006	6.88885e-007	2.67795e-007
1.275	1.18511e-006	upper limit
1.575	5.68118e-007	upper limit
2.025	1.93282e-007	1.16437e-007	2.67135e-008
2.175	1.64091e-007	upper limit
2.475	1.2013e-007	4.78069e-008	1.61495e-008
***